2019-04-01 18:56:23.2024| |----------AllTime is In Millisecodns-------------------------
2019-04-01 18:56:23.2364| |LocatorTypeUsed class   Value button
2019-04-01 18:56:23.2364| |Samples 1000 Avergere 6,246  Min 5  Max 73
2019-04-01 18:56:23.2364| |-----------------------------------
2019-04-01 18:56:23.2364| |ROw 0|  18 |7 |8 |7 |9 |7 |11 |11 |6 |7 |
2019-04-01 18:56:23.2364| |ROw 10|  7 |6 |8 |6 |7 |7 |7 |9 |9 |6 |
2019-04-01 18:56:23.2364| |ROw 20|  9 |6 |6 |6 |6 |6 |6 |6 |6 |6 |
2019-04-01 18:56:23.2364| |ROw 30|  7 |5 |6 |7 |6 |7 |6 |7 |10 |9 |
2019-04-01 18:56:23.2364| |ROw 40|  7 |8 |8 |7 |7 |8 |7 |8 |7 |7 |
2019-04-01 18:56:23.2364| |ROw 50|  7 |7 |8 |7 |7 |6 |7 |6 |7 |7 |
2019-04-01 18:56:23.2364| |ROw 60|  6 |8 |6 |7 |6 |7 |7 |6 |7 |7 |
2019-04-01 18:56:23.2364| |ROw 70|  8 |6 |7 |6 |6 |7 |6 |7 |6 |6 |
2019-04-01 18:56:23.2524| |ROw 80|  8 |6 |8 |6 |7 |6 |6 |9 |6 |6 |
2019-04-01 18:56:23.2524| |ROw 90|  6 |8 |6 |6 |12 |7 |6 |6 |8 |7 |
2019-04-01 18:56:23.2524| |ROw 100|  10 |10 |6 |10 |6 |9 |7 |8 |6 |9 |
2019-04-01 18:56:23.2524| |ROw 110|  7 |9 |7 |73 |21 |6 |7 |6 |7 |8 |
2019-04-01 18:56:23.2524| |ROw 120|  6 |7 |7 |7 |6 |6 |6 |5 |6 |5 |
2019-04-01 18:56:23.2524| |ROw 130|  5 |6 |6 |7 |6 |5 |6 |6 |5 |7 |
2019-04-01 18:56:23.2524| |ROw 140|  5 |6 |6 |5 |6 |5 |5 |10 |6 |8 |
2019-04-01 18:56:23.2524| |ROw 150|  6 |6 |5 |5 |7 |6 |7 |6 |5 |7 |
2019-04-01 18:56:23.2524| |ROw 160|  5 |6 |6 |6 |6 |6 |6 |7 |5 |6 |
2019-04-01 18:56:23.2524| |ROw 170|  5 |5 |7 |6 |7 |6 |7 |6 |6 |7 |
2019-04-01 18:56:23.2524| |ROw 180|  6 |6 |6 |5 |7 |6 |5 |6 |6 |7 |
2019-04-01 18:56:23.2524| |ROw 190|  6 |5 |6 |5 |5 |7 |6 |6 |6 |5 |
2019-04-01 18:56:23.2524| |ROw 200|  7 |5 |8 |5 |6 |6 |6 |6 |6 |5 |
2019-04-01 18:56:23.2524| |ROw 210|  6 |6 |6 |6 |5 |7 |6 |6 |6 |5 |
2019-04-01 18:56:23.2674| |ROw 220|  5 |6 |5 |7 |6 |5 |6 |5 |5 |6 |
2019-04-01 18:56:23.2674| |ROw 230|  5 |6 |6 |5 |6 |7 |7 |6 |7 |6 |
2019-04-01 18:56:23.2674| |ROw 240|  6 |6 |6 |5 |6 |5 |5 |6 |5 |7 |
2019-04-01 18:56:23.2674| |ROw 250|  6 |6 |6 |5 |6 |6 |6 |6 |5 |5 |
2019-04-01 18:56:23.2674| |ROw 260|  11 |6 |6 |6 |6 |6 |6 |7 |6 |6 |
2019-04-01 18:56:23.2674| |ROw 270|  6 |6 |7 |6 |9 |6 |7 |6 |6 |7 |
2019-04-01 18:56:23.2674| |ROw 280|  6 |8 |6 |8 |6 |6 |7 |6 |6 |6 |
2019-04-01 18:56:23.2674| |ROw 290|  7 |6 |6 |7 |6 |7 |7 |6 |7 |6 |
2019-04-01 18:56:23.2674| |ROw 300|  7 |6 |6 |6 |6 |7 |6 |6 |6 |7 |
2019-04-01 18:56:23.2674| |ROw 310|  7 |6 |7 |6 |5 |7 |5 |7 |6 |6 |
2019-04-01 18:56:23.2674| |ROw 320|  9 |7 |8 |5 |6 |6 |6 |7 |6 |7 |
2019-04-01 18:56:23.2674| |ROw 330|  6 |8 |7 |6 |6 |6 |9 |6 |7 |6 |
2019-04-01 18:56:23.2674| |ROw 340|  6 |7 |5 |7 |5 |6 |7 |6 |7 |6 |
2019-04-01 18:56:23.2834| |ROw 350|  5 |6 |5 |5 |7 |6 |7 |6 |6 |6 |
2019-04-01 18:56:23.2834| |ROw 360|  6 |7 |6 |7 |6 |6 |7 |6 |6 |6 |
2019-04-01 18:56:23.2834| |ROw 370|  6 |7 |6 |7 |6 |5 |7 |5 |7 |6 |
2019-04-01 18:56:23.2834| |ROw 380|  5 |7 |5 |6 |7 |6 |6 |7 |6 |6 |
2019-04-01 18:56:23.2834| |ROw 390|  5 |7 |6 |6 |6 |5 |7 |8 |7 |6 |
2019-04-01 18:56:23.2834| |ROw 400|  6 |7 |6 |7 |5 |6 |6 |5 |6 |6 |
2019-04-01 18:56:23.2834| |ROw 410|  6 |6 |6 |5 |7 |5 |6 |6 |5 |7 |
2019-04-01 18:56:23.2834| |ROw 420|  6 |7 |7 |6 |7 |6 |14 |6 |6 |5 |
2019-04-01 18:56:23.2834| |ROw 430|  7 |5 |6 |8 |7 |8 |6 |7 |5 |6 |
2019-04-01 18:56:23.2834| |ROw 440|  7 |6 |7 |6 |7 |7 |6 |8 |7 |8 |
2019-04-01 18:56:23.2834| |ROw 450|  6 |7 |6 |6 |7 |6 |7 |6 |8 |9 |
2019-04-01 18:56:23.2834| |ROw 460|  7 |6 |6 |7 |5 |7 |5 |5 |7 |6 |
2019-04-01 18:56:23.2834| |ROw 470|  6 |6 |6 |7 |6 |7 |6 |6 |6 |5 |
2019-04-01 18:56:23.2994| |ROw 480|  6 |6 |5 |7 |6 |6 |7 |6 |10 |6 |
2019-04-01 18:56:23.2994| |ROw 490|  6 |6 |6 |7 |6 |19 |17 |6 |6 |7 |
2019-04-01 18:56:23.2994| |ROw 500|  7 |10 |6 |11 |9 |13 |20 |10 |16 |8 |
2019-04-01 18:56:23.2994| |ROw 510|  8 |10 |7 |8 |6 |5 |6 |5 |5 |7 |
2019-04-01 18:56:23.2994| |ROw 520|  5 |6 |6 |5 |6 |5 |5 |6 |5 |5 |
2019-04-01 18:56:23.2994| |ROw 530|  6 |5 |7 |6 |5 |6 |5 |5 |9 |6 |
2019-04-01 18:56:23.2994| |ROw 540|  7 |5 |5 |6 |5 |6 |6 |5 |6 |5 |
2019-04-01 18:56:23.2994| |ROw 550|  5 |10 |6 |6 |5 |5 |6 |5 |6 |5 |
2019-04-01 18:56:23.2994| |ROw 560|  5 |6 |5 |5 |7 |5 |5 |6 |5 |5 |
2019-04-01 18:56:23.2994| |ROw 570|  6 |5 |6 |5 |5 |7 |5 |5 |6 |5 |
2019-04-01 18:56:23.2994| |ROw 580|  5 |7 |6 |6 |5 |5 |6 |5 |5 |6 |
2019-04-01 18:56:23.2994| |ROw 590|  5 |6 |6 |5 |6 |5 |5 |6 |5 |5 |
2019-04-01 18:56:23.2994| |ROw 600|  7 |5 |5 |6 |5 |7 |5 |5 |6 |5 |
2019-04-01 18:56:23.3144| |ROw 610|  5 |6 |5 |5 |6 |5 |7 |5 |5 |6 |
2019-04-01 18:56:23.3144| |ROw 620|  5 |5 |6 |5 |5 |6 |5 |5 |6 |5 |
2019-04-01 18:56:23.3144| |ROw 630|  6 |6 |5 |6 |5 |5 |6 |5 |5 |6 |
2019-04-01 18:56:23.3144| |ROw 640|  5 |5 |6 |5 |5 |6 |5 |6 |7 |5 |
2019-04-01 18:56:23.3144| |ROw 650|  6 |5 |7 |5 |8 |6 |6 |10 |5 |6 |
2019-04-01 18:56:23.3144| |ROw 660|  6 |5 |7 |6 |8 |6 |6 |6 |6 |7 |
2019-04-01 18:56:23.3144| |ROw 670|  6 |5 |6 |5 |5 |7 |6 |7 |6 |6 |
2019-04-01 18:56:23.3144| |ROw 680|  7 |5 |9 |5 |8 |5 |6 |7 |5 |7 |
2019-04-01 18:56:23.3144| |ROw 690|  6 |6 |8 |6 |7 |6 |6 |7 |6 |7 |
2019-04-01 18:56:23.3144| |ROw 700|  6 |6 |6 |5 |6 |5 |5 |6 |7 |6 |
2019-04-01 18:56:23.3304| |ROw 710|  6 |8 |6 |5 |6 |5 |5 |6 |6 |5 |
2019-04-01 18:56:23.3304| |ROw 720|  6 |5 |5 |6 |5 |5 |6 |5 |6 |6 |
2019-04-01 18:56:23.3304| |ROw 730|  5 |6 |5 |5 |6 |5 |6 |6 |5 |6 |
2019-04-01 18:56:23.3304| |ROw 740|  6 |5 |6 |5 |5 |6 |5 |6 |6 |5 |
2019-04-01 18:56:23.3304| |ROw 750|  6 |5 |5 |6 |5 |5 |6 |5 |5 |6 |
2019-04-01 18:56:23.3304| |ROw 760|  5 |5 |6 |5 |7 |6 |5 |6 |5 |5 |
2019-04-01 18:56:23.3304| |ROw 770|  6 |5 |6 |6 |5 |6 |5 |8 |6 |6 |
2019-04-01 18:56:23.3304| |ROw 780|  7 |6 |5 |6 |6 |7 |6 |6 |7 |6 |
2019-04-01 18:56:23.3304| |ROw 790|  7 |6 |5 |7 |6 |8 |6 |6 |7 |6 |
2019-04-01 18:56:23.3304| |ROw 800|  6 |5 |5 |6 |5 |6 |6 |5 |6 |8 |
2019-04-01 18:56:23.3304| |ROw 810|  5 |6 |5 |6 |6 |5 |8 |5 |5 |6 |
2019-04-01 18:56:23.3454| |ROw 820|  5 |5 |7 |5 |7 |6 |5 |8 |5 |6 |
2019-04-01 18:56:23.3454| |ROw 830|  6 |5 |6 |5 |5 |6 |5 |5 |6 |6 |
2019-04-01 18:56:23.3454| |ROw 840|  6 |5 |5 |6 |5 |5 |6 |5 |5 |6 |
2019-04-01 18:56:23.3454| |ROw 850|  5 |5 |6 |5 |6 |5 |5 |6 |5 |5 |
2019-04-01 18:56:23.3454| |ROw 860|  6 |5 |5 |7 |6 |6 |6 |6 |7 |5 |
2019-04-01 18:56:23.3454| |ROw 870|  6 |6 |10 |6 |6 |7 |6 |7 |6 |5 |
2019-04-01 18:56:23.3454| |ROw 880|  7 |6 |7 |6 |5 |6 |5 |5 |6 |5 |
2019-04-01 18:56:23.3454| |ROw 890|  6 |5 |5 |6 |6 |5 |6 |5 |5 |6 |
2019-04-01 18:56:23.3454| |ROw 900|  11 |6 |5 |5 |6 |5 |6 |6 |5 |6 |
2019-04-01 18:56:23.3454| |ROw 910|  5 |5 |6 |5 |5 |6 |5 |5 |6 |5 |
2019-04-01 18:56:23.3454| |ROw 920|  5 |6 |5 |6 |5 |5 |6 |5 |5 |6 |
2019-04-01 18:56:23.3454| |ROw 930|  5 |5 |7 |5 |6 |6 |5 |6 |5 |5 |
2019-04-01 18:56:23.3454| |ROw 940|  6 |5 |5 |6 |5 |5 |6 |5 |6 |6 |
2019-04-01 18:56:23.3614| |ROw 950|  5 |6 |5 |5 |6 |5 |5 |6 |5 |6 |
2019-04-01 18:56:23.3614| |ROw 960|  6 |5 |7 |5 |5 |6 |5 |5 |6 |7 |
2019-04-01 18:56:23.3614| |ROw 970|  6 |5 |5 |6 |8 |6 |6 |5 |6 |5 |
2019-04-01 18:56:23.3614| |ROw 980|  5 |6 |5 |5 |6 |5 |5 |6 |5 |6 |
2019-04-01 18:56:23.3614| |ROw 990|  6 |5 |6 |5 |5 |6 |6 |5 |6 |5 |
2019-04-01 18:56:23.3614| |-----------------------------------
2019-04-01 18:56:33.8847| |----------AllTime is In Millisecodns-------------------------
2019-04-01 18:56:33.8847| |LocatorTypeUsed css   Value #buttonID
2019-04-01 18:56:33.8847| |Samples 1000 Avergere 7,14  Min 5  Max 36
2019-04-01 18:56:33.8847| |-----------------------------------
2019-04-01 18:56:33.8847| |ROw 0|  23 |11 |10 |15 |15 |9 |14 |8 |9 |8 |
2019-04-01 18:56:33.8847| |ROw 10|  13 |6 |9 |7 |7 |7 |8 |7 |7 |6 |
2019-04-01 18:56:33.8937| |ROw 20|  8 |6 |6 |8 |7 |7 |8 |13 |10 |7 |
2019-04-01 18:56:33.8937| |ROw 30|  8 |8 |8 |7 |10 |13 |13 |22 |10 |9 |
2019-04-01 18:56:33.8937| |ROw 40|  11 |9 |36 |13 |11 |11 |7 |9 |9 |8 |
2019-04-01 18:56:33.8937| |ROw 50|  6 |10 |6 |7 |9 |9 |8 |8 |7 |8 |
2019-04-01 18:56:33.8937| |ROw 60|  6 |9 |8 |12 |7 |8 |11 |8 |10 |7 |
2019-04-01 18:56:33.8937| |ROw 70|  11 |7 |9 |6 |9 |6 |8 |6 |6 |6 |
2019-04-01 18:56:33.8937| |ROw 80|  7 |9 |12 |7 |9 |7 |8 |7 |10 |11 |
2019-04-01 18:56:33.8937| |ROw 90|  8 |6 |7 |6 |8 |7 |9 |6 |8 |8 |
2019-04-01 18:56:33.8937| |ROw 100|  9 |7 |9 |9 |8 |8 |8 |6 |9 |6 |
2019-04-01 18:56:33.8937| |ROw 110|  8 |7 |7 |14 |7 |6 |7 |7 |7 |7 |
2019-04-01 18:56:33.8937| |ROw 120|  6 |7 |6 |10 |6 |7 |6 |8 |6 |10 |
2019-04-01 18:56:33.8937| |ROw 130|  6 |7 |5 |6 |9 |6 |8 |10 |9 |7 |
2019-04-01 18:56:33.8937| |ROw 140|  10 |6 |6 |6 |8 |6 |6 |7 |6 |6 |
2019-04-01 18:56:33.8937| |ROw 150|  6 |6 |10 |6 |7 |6 |8 |6 |7 |6 |
2019-04-01 18:56:33.9087| |ROw 160|  6 |7 |6 |7 |7 |7 |7 |6 |7 |6 |
2019-04-01 18:56:33.9087| |ROw 170|  7 |6 |6 |7 |6 |8 |6 |7 |6 |6 |
2019-04-01 18:56:33.9087| |ROw 180|  7 |6 |8 |7 |8 |6 |8 |7 |7 |6 |
2019-04-01 18:56:33.9087| |ROw 190|  7 |11 |7 |6 |8 |8 |6 |8 |7 |8 |
2019-04-01 18:56:33.9087| |ROw 200|  7 |9 |6 |8 |7 |10 |7 |10 |7 |8 |
2019-04-01 18:56:33.9087| |ROw 210|  7 |8 |6 |8 |8 |6 |8 |6 |10 |15 |
2019-04-01 18:56:33.9087| |ROw 220|  7 |6 |7 |10 |6 |8 |7 |10 |6 |7 |
2019-04-01 18:56:33.9087| |ROw 230|  6 |6 |9 |6 |11 |8 |9 |9 |6 |8 |
2019-04-01 18:56:33.9087| |ROw 240|  7 |8 |6 |6 |7 |8 |7 |6 |7 |6 |
2019-04-01 18:56:33.9087| |ROw 250|  8 |7 |6 |7 |6 |8 |7 |9 |6 |7 |
2019-04-01 18:56:33.9087| |ROw 260|  6 |6 |8 |6 |8 |6 |6 |7 |6 |7 |
2019-04-01 18:56:33.9087| |ROw 270|  6 |7 |6 |7 |9 |7 |7 |6 |8 |8 |
2019-04-01 18:56:33.9087| |ROw 280|  9 |7 |13 |11 |6 |10 |17 |8 |11 |8 |
2019-04-01 18:56:33.9087| |ROw 290|  10 |14 |8 |7 |10 |7 |9 |8 |10 |7 |
2019-04-01 18:56:33.9237| |ROw 300|  7 |6 |7 |7 |7 |8 |6 |8 |6 |7 |
2019-04-01 18:56:33.9237| |ROw 310|  9 |10 |7 |11 |8 |9 |10 |7 |9 |7 |
2019-04-01 18:56:33.9237| |ROw 320|  8 |8 |10 |8 |10 |7 |11 |10 |7 |9 |
2019-04-01 18:56:33.9237| |ROw 330|  8 |8 |7 |9 |7 |7 |6 |7 |6 |7 |
2019-04-01 18:56:33.9237| |ROw 340|  8 |10 |7 |6 |7 |6 |7 |6 |6 |7 |
2019-04-01 18:56:33.9237| |ROw 350|  7 |10 |9 |7 |6 |9 |9 |6 |6 |8 |
2019-04-01 18:56:33.9237| |ROw 360|  6 |10 |6 |8 |6 |7 |6 |7 |7 |7 |
2019-04-01 18:56:33.9237| |ROw 370|  7 |6 |7 |6 |8 |7 |7 |6 |6 |7 |
2019-04-01 18:56:33.9237| |ROw 380|  6 |7 |7 |10 |10 |7 |5 |6 |7 |6 |
2019-04-01 18:56:33.9237| |ROw 390|  6 |6 |6 |7 |6 |7 |6 |8 |7 |9 |
2019-04-01 18:56:33.9237| |ROw 400|  7 |6 |8 |6 |7 |7 |8 |7 |9 |6 |
2019-04-01 18:56:33.9237| |ROw 410|  10 |6 |9 |6 |8 |8 |10 |6 |8 |7 |
2019-04-01 18:56:33.9237| |ROw 420|  10 |6 |10 |17 |6 |7 |6 |6 |7 |6 |
2019-04-01 18:56:33.9237| |ROw 430|  8 |6 |11 |6 |10 |7 |9 |6 |7 |7 |
2019-04-01 18:56:33.9237| |ROw 440|  9 |6 |9 |6 |9 |6 |10 |6 |9 |6 |
2019-04-01 18:56:33.9397| |ROw 450|  8 |6 |10 |6 |7 |7 |7 |9 |6 |8 |
2019-04-01 18:56:33.9397| |ROw 460|  6 |7 |6 |7 |6 |6 |10 |7 |8 |6 |
2019-04-01 18:56:33.9397| |ROw 470|  8 |6 |9 |6 |8 |6 |8 |9 |9 |7 |
2019-04-01 18:56:33.9397| |ROw 480|  10 |7 |9 |6 |8 |7 |8 |6 |7 |7 |
2019-04-01 18:56:33.9397| |ROw 490|  8 |8 |10 |6 |10 |6 |8 |6 |5 |12 |
2019-04-01 18:56:33.9397| |ROw 500|  8 |6 |5 |7 |6 |7 |7 |6 |7 |6 |
2019-04-01 18:56:33.9397| |ROw 510|  7 |6 |6 |7 |6 |6 |6 |6 |9 |6 |
2019-04-01 18:56:33.9397| |ROw 520|  7 |6 |6 |6 |6 |9 |8 |8 |7 |8 |
2019-04-01 18:56:33.9397| |ROw 530|  6 |31 |8 |6 |7 |6 |6 |7 |6 |9 |
2019-04-01 18:56:33.9397| |ROw 540|  6 |9 |7 |8 |6 |7 |7 |6 |8 |6 |
2019-04-01 18:56:33.9397| |ROw 550|  7 |6 |5 |7 |5 |7 |7 |6 |7 |5 |
2019-04-01 18:56:33.9397| |ROw 560|  6 |5 |5 |6 |6 |6 |7 |6 |7 |6 |
2019-04-01 18:56:33.9397| |ROw 570|  7 |6 |6 |7 |6 |6 |7 |6 |6 |6 |
2019-04-01 18:56:33.9397| |ROw 580|  6 |7 |6 |7 |6 |6 |7 |6 |7 |5 |
2019-04-01 18:56:33.9397| |ROw 590|  5 |6 |5 |7 |6 |5 |7 |5 |5 |7 |
2019-04-01 18:56:33.9567| |ROw 600|  5 |6 |6 |5 |6 |5 |5 |6 |5 |6 |
2019-04-01 18:56:33.9567| |ROw 610|  7 |5 |6 |5 |5 |7 |5 |7 |5 |6 |
2019-04-01 18:56:33.9567| |ROw 620|  8 |6 |9 |6 |7 |6 |8 |7 |10 |6 |
2019-04-01 18:56:33.9567| |ROw 630|  8 |11 |8 |8 |7 |7 |8 |7 |10 |6 |
2019-04-01 18:56:33.9567| |ROw 640|  7 |7 |6 |9 |6 |10 |11 |7 |8 |8 |
2019-04-01 18:56:33.9567| |ROw 650|  8 |7 |7 |8 |6 |10 |6 |8 |6 |8 |
2019-04-01 18:56:33.9567| |ROw 660|  6 |7 |6 |6 |6 |5 |7 |6 |5 |6 |
2019-04-01 18:56:33.9567| |ROw 670|  6 |5 |7 |5 |6 |5 |5 |6 |5 |5 |
2019-04-01 18:56:33.9567| |ROw 680|  6 |5 |6 |6 |5 |6 |5 |5 |7 |5 |
2019-04-01 18:56:33.9567| |ROw 690|  6 |6 |5 |7 |5 |5 |7 |5 |7 |5 |
2019-04-01 18:56:33.9567| |ROw 700|  6 |7 |5 |6 |6 |6 |7 |6 |7 |6 |
2019-04-01 18:56:33.9567| |ROw 710|  6 |7 |13 |6 |6 |7 |6 |7 |5 |5 |
2019-04-01 18:56:33.9567| |ROw 720|  6 |6 |6 |6 |5 |6 |6 |6 |7 |5 |
2019-04-01 18:56:33.9717| |ROw 730|  7 |6 |6 |7 |5 |7 |6 |6 |10 |8 |
2019-04-01 18:56:33.9717| |ROw 740|  7 |6 |7 |6 |7 |6 |6 |8 |6 |7 |
2019-04-01 18:56:33.9717| |ROw 750|  6 |5 |7 |5 |6 |6 |6 |7 |5 |7 |
2019-04-01 18:56:33.9717| |ROw 760|  6 |6 |8 |6 |6 |6 |6 |7 |6 |9 |
2019-04-01 18:56:33.9717| |ROw 770|  6 |7 |6 |5 |7 |6 |7 |6 |5 |7 |
2019-04-01 18:56:33.9717| |ROw 780|  6 |7 |6 |5 |7 |6 |6 |7 |6 |7 |
2019-04-01 18:56:33.9717| |ROw 790|  5 |7 |6 |6 |7 |6 |7 |6 |6 |6 |
2019-04-01 18:56:33.9717| |ROw 800|  5 |6 |6 |6 |6 |6 |6 |6 |6 |7 |
2019-04-01 18:56:33.9717| |ROw 810|  6 |7 |7 |8 |7 |8 |7 |6 |7 |6 |
2019-04-01 18:56:33.9717| |ROw 820|  7 |6 |6 |8 |6 |7 |6 |8 |6 |7 |
2019-04-01 18:56:33.9717| |ROw 830|  6 |6 |7 |7 |6 |6 |5 |7 |5 |10 |
2019-04-01 18:56:33.9717| |ROw 840|  6 |10 |5 |6 |6 |6 |6 |6 |6 |6 |
2019-04-01 18:56:33.9717| |ROw 850|  5 |7 |6 |7 |6 |6 |7 |6 |8 |6 |
2019-04-01 18:56:33.9717| |ROw 860|  7 |8 |7 |9 |9 |6 |8 |7 |8 |9 |
2019-04-01 18:56:33.9907| |ROw 870|  8 |6 |6 |8 |6 |6 |6 |6 |7 |6 |
2019-04-01 18:56:33.9907| |ROw 880|  7 |6 |6 |7 |6 |7 |6 |6 |8 |5 |
2019-04-01 18:56:33.9907| |ROw 890|  7 |6 |7 |6 |6 |10 |6 |7 |5 |10 |
2019-04-01 18:56:33.9907| |ROw 900|  6 |7 |6 |6 |7 |5 |7 |6 |6 |7 |
2019-04-01 18:56:33.9907| |ROw 910|  6 |7 |6 |6 |7 |6 |7 |6 |6 |6 |
2019-04-01 18:56:33.9907| |ROw 920|  5 |6 |6 |5 |6 |10 |6 |6 |7 |7 |
2019-04-01 18:56:33.9907| |ROw 930|  6 |7 |6 |5 |6 |5 |6 |5 |5 |6 |
2019-04-01 18:56:33.9907| |ROw 940|  6 |7 |6 |6 |7 |6 |8 |6 |9 |7 |
2019-04-01 18:56:33.9907| |ROw 950|  8 |6 |7 |6 |6 |7 |6 |7 |6 |6 |
2019-04-01 18:56:33.9907| |ROw 960|  6 |6 |5 |7 |5 |6 |6 |5 |6 |5 |
2019-04-01 18:56:33.9907| |ROw 970|  5 |7 |5 |6 |6 |5 |6 |6 |6 |10 |
2019-04-01 18:56:34.0027| |ROw 980|  6 |7 |5 |7 |6 |8 |7 |5 |7 |6 |
2019-04-01 18:56:34.0027| |ROw 990|  6 |6 |7 |7 |6 |7 |6 |7 |6 |5 |
2019-04-01 18:56:34.0027| |-----------------------------------
2019-04-01 18:56:43.9033| |----------AllTime is In Millisecodns-------------------------
2019-04-01 18:56:43.9033| |LocatorTypeUsed id   Value buttonID
2019-04-01 18:56:43.9033| |Samples 1000 Avergere 6,491  Min 5  Max 27
2019-04-01 18:56:43.9033| |-----------------------------------
2019-04-01 18:56:43.9083| |ROw 0|  24 |11 |13 |10 |10 |17 |9 |14 |8 |8 |
2019-04-01 18:56:43.9083| |ROw 10|  9 |9 |9 |8 |10 |6 |10 |7 |7 |12 |
2019-04-01 18:56:43.9083| |ROw 20|  7 |8 |7 |8 |7 |8 |7 |6 |7 |6 |
2019-04-01 18:56:43.9083| |ROw 30|  7 |7 |9 |7 |8 |6 |8 |6 |6 |7 |
2019-04-01 18:56:43.9083| |ROw 40|  6 |7 |7 |7 |6 |6 |7 |7 |8 |7 |
2019-04-01 18:56:43.9083| |ROw 50|  7 |6 |8 |6 |8 |7 |6 |8 |6 |8 |
2019-04-01 18:56:43.9083| |ROw 60|  6 |7 |6 |7 |6 |6 |7 |6 |7 |6 |
2019-04-01 18:56:43.9083| |ROw 70|  8 |7 |12 |6 |8 |7 |8 |7 |8 |9 |
2019-04-01 18:56:43.9083| |ROw 80|  12 |10 |9 |7 |8 |6 |7 |9 |7 |7 |
2019-04-01 18:56:43.9083| |ROw 90|  7 |6 |7 |6 |6 |8 |6 |7 |6 |7 |
2019-04-01 18:56:43.9083| |ROw 100|  7 |8 |7 |6 |8 |6 |8 |6 |8 |6 |
2019-04-01 18:56:43.9083| |ROw 110|  7 |6 |6 |8 |6 |7 |6 |7 |6 |6 |
2019-04-01 18:56:43.9083| |ROw 120|  7 |6 |7 |6 |6 |6 |5 |6 |9 |7 |
2019-04-01 18:56:43.9083| |ROw 130|  6 |5 |6 |5 |5 |7 |5 |7 |6 |5 |
2019-04-01 18:56:43.9243| |ROw 140|  6 |5 |6 |6 |6 |6 |5 |5 |6 |6 |
2019-04-01 18:56:43.9243| |ROw 150|  7 |6 |5 |7 |5 |5 |7 |5 |6 |6 |
2019-04-01 18:56:43.9243| |ROw 160|  5 |6 |5 |5 |7 |5 |6 |6 |5 |6 |
2019-04-01 18:56:43.9243| |ROw 170|  5 |6 |8 |7 |9 |6 |8 |6 |8 |6 |
2019-04-01 18:56:43.9243| |ROw 180|  8 |6 |7 |7 |6 |8 |6 |7 |8 |7 |
2019-04-01 18:56:43.9243| |ROw 190|  6 |6 |7 |7 |6 |5 |5 |6 |5 |6 |
2019-04-01 18:56:43.9243| |ROw 200|  6 |5 |7 |6 |7 |6 |6 |7 |6 |8 |
2019-04-01 18:56:43.9243| |ROw 210|  6 |6 |7 |6 |7 |6 |7 |6 |6 |7 |
2019-04-01 18:56:43.9243| |ROw 220|  6 |6 |6 |6 |7 |6 |7 |6 |5 |10 |
2019-04-01 18:56:43.9243| |ROw 230|  5 |6 |6 |6 |7 |8 |7 |5 |6 |6 |
2019-04-01 18:56:43.9243| |ROw 240|  6 |6 |5 |5 |7 |5 |7 |6 |5 |7 |
2019-04-01 18:56:43.9243| |ROw 250|  5 |5 |6 |5 |6 |6 |6 |7 |6 |8 |
2019-04-01 18:56:43.9243| |ROw 260|  6 |7 |6 |6 |7 |6 |7 |6 |6 |8 |
2019-04-01 18:56:43.9243| |ROw 270|  6 |7 |6 |6 |7 |6 |7 |6 |7 |6 |
2019-04-01 18:56:43.9403| |ROw 280|  6 |7 |6 |7 |6 |6 |7 |6 |7 |6 |
2019-04-01 18:56:43.9403| |ROw 290|  6 |7 |6 |8 |5 |6 |7 |6 |7 |6 |
2019-04-01 18:56:43.9403| |ROw 300|  8 |6 |6 |7 |5 |6 |8 |8 |6 |6 |
2019-04-01 18:56:43.9403| |ROw 310|  7 |6 |7 |5 |5 |8 |6 |7 |5 |6 |
2019-04-01 18:56:43.9403| |ROw 320|  8 |6 |7 |6 |8 |6 |7 |6 |6 |7 |
2019-04-01 18:56:43.9403| |ROw 330|  6 |7 |6 |6 |7 |7 |7 |6 |6 |7 |
2019-04-01 18:56:43.9403| |ROw 340|  6 |7 |6 |5 |7 |5 |7 |8 |7 |6 |
2019-04-01 18:56:43.9403| |ROw 350|  6 |7 |6 |8 |6 |7 |6 |6 |8 |7 |
2019-04-01 18:56:43.9403| |ROw 360|  8 |6 |8 |6 |13 |9 |9 |17 |27 |10 |
2019-04-01 18:56:43.9403| |ROw 370|  10 |9 |8 |9 |6 |8 |7 |7 |7 |6 |
2019-04-01 18:56:43.9403| |ROw 380|  7 |6 |7 |6 |6 |8 |6 |7 |6 |7 |
2019-04-01 18:56:43.9403| |ROw 390|  7 |5 |6 |6 |7 |6 |6 |7 |5 |6 |
2019-04-01 18:56:43.9553| |ROw 400|  7 |6 |6 |5 |7 |6 |6 |7 |9 |7 |
2019-04-01 18:56:43.9553| |ROw 410|  5 |7 |6 |6 |7 |6 |6 |6 |6 |6 |
2019-04-01 18:56:43.9553| |ROw 420|  6 |7 |6 |6 |7 |6 |6 |6 |8 |7 |
2019-04-01 18:56:43.9553| |ROw 430|  6 |8 |6 |7 |6 |6 |8 |7 |6 |5 |
2019-04-01 18:56:43.9553| |ROw 440|  6 |6 |6 |8 |6 |7 |6 |7 |7 |6 |
2019-04-01 18:56:43.9553| |ROw 450|  6 |5 |7 |6 |6 |8 |8 |7 |8 |8 |
2019-04-01 18:56:43.9553| |ROw 460|  8 |7 |6 |6 |7 |7 |8 |7 |7 |6 |
2019-04-01 18:56:43.9553| |ROw 470|  8 |8 |10 |12 |8 |9 |8 |11 |13 |12 |
2019-04-01 18:56:43.9553| |ROw 480|  11 |9 |7 |8 |7 |8 |8 |9 |8 |10 |
2019-04-01 18:56:43.9553| |ROw 490|  11 |8 |27 |18 |9 |10 |7 |9 |7 |10 |
2019-04-01 18:56:43.9553| |ROw 500|  9 |6 |5 |6 |5 |5 |6 |6 |7 |6 |
2019-04-01 18:56:43.9713| |ROw 510|  5 |6 |5 |5 |6 |5 |6 |6 |5 |6 |
2019-04-01 18:56:43.9713| |ROw 520|  6 |5 |6 |5 |6 |7 |5 |6 |5 |5 |
2019-04-01 18:56:43.9713| |ROw 530|  6 |6 |6 |7 |5 |7 |7 |5 |7 |5 |
2019-04-01 18:56:43.9713| |ROw 540|  6 |5 |5 |7 |5 |5 |6 |5 |8 |5 |
2019-04-01 18:56:43.9713| |ROw 550|  6 |6 |5 |6 |6 |5 |6 |5 |5 |6 |
2019-04-01 18:56:43.9713| |ROw 560|  5 |6 |6 |6 |6 |6 |6 |6 |6 |6 |
2019-04-01 18:56:43.9713| |ROw 570|  6 |6 |7 |6 |6 |5 |6 |6 |6 |5 |
2019-04-01 18:56:43.9713| |ROw 580|  7 |5 |6 |6 |5 |6 |5 |5 |6 |5 |
2019-04-01 18:56:43.9713| |ROw 590|  5 |6 |6 |8 |6 |9 |6 |8 |7 |5 |
2019-04-01 18:56:43.9713| |ROw 600|  6 |6 |6 |6 |5 |6 |6 |6 |7 |5 |
2019-04-01 18:56:43.9713| |ROw 610|  6 |6 |5 |6 |6 |5 |6 |5 |8 |6 |
2019-04-01 18:56:43.9713| |ROw 620|  5 |8 |5 |6 |6 |5 |6 |5 |5 |6 |
2019-04-01 18:56:43.9713| |ROw 630|  6 |6 |6 |5 |6 |5 |6 |9 |6 |6 |
2019-04-01 18:56:43.9873| |ROw 640|  5 |5 |6 |5 |6 |6 |5 |6 |5 |5 |
2019-04-01 18:56:43.9873| |ROw 650|  6 |6 |6 |6 |6 |7 |6 |7 |6 |5 |
2019-04-01 18:56:43.9873| |ROw 660|  7 |6 |7 |6 |10 |6 |7 |6 |6 |7 |
2019-04-01 18:56:43.9873| |ROw 670|  5 |6 |6 |6 |7 |6 |5 |7 |6 |7 |
2019-04-01 18:56:43.9873| |ROw 680|  6 |19 |6 |6 |5 |7 |5 |5 |6 |5 |
2019-04-01 18:56:43.9873| |ROw 690|  6 |6 |5 |6 |5 |5 |6 |6 |5 |6 |
2019-04-01 18:56:43.9873| |ROw 700|  5 |7 |5 |6 |6 |12 |5 |5 |6 |6 |
2019-04-01 18:56:43.9873| |ROw 710|  6 |6 |5 |5 |7 |5 |6 |5 |5 |6 |
2019-04-01 18:56:43.9873| |ROw 720|  5 |5 |6 |5 |5 |6 |6 |7 |5 |6 |
2019-04-01 18:56:43.9873| |ROw 730|  6 |6 |6 |6 |5 |6 |5 |5 |6 |5 |
2019-04-01 18:56:43.9873| |ROw 740|  5 |5 |5 |7 |6 |5 |6 |5 |6 |6 |
2019-04-01 18:56:43.9873| |ROw 750|  5 |6 |5 |5 |7 |6 |6 |6 |5 |6 |
2019-04-01 18:56:44.0033| |ROw 760|  6 |6 |6 |6 |6 |6 |5 |6 |5 |5 |
2019-04-01 18:56:44.0033| |ROw 770|  6 |5 |5 |7 |5 |6 |5 |7 |6 |6 |
2019-04-01 18:56:44.0033| |ROw 780|  7 |5 |5 |6 |6 |5 |6 |6 |6 |5 |
2019-04-01 18:56:44.0033| |ROw 790|  6 |6 |5 |5 |6 |5 |7 |6 |5 |6 |
2019-04-01 18:56:44.0033| |ROw 800|  5 |5 |7 |5 |6 |6 |5 |6 |6 |6 |
2019-04-01 18:56:44.0033| |ROw 810|  6 |6 |6 |6 |5 |6 |5 |5 |6 |6 |
2019-04-01 18:56:44.0033| |ROw 820|  6 |7 |6 |7 |6 |7 |7 |9 |7 |7 |
2019-04-01 18:56:44.0033| |ROw 830|  6 |8 |8 |11 |10 |10 |7 |10 |8 |7 |
2019-04-01 18:56:44.0033| |ROw 840|  6 |7 |6 |7 |6 |7 |7 |5 |6 |6 |
2019-04-01 18:56:44.0033| |ROw 850|  7 |6 |6 |6 |5 |7 |6 |5 |6 |5 |
2019-04-01 18:56:44.0033| |ROw 860|  5 |6 |5 |6 |6 |5 |6 |6 |5 |6 |
2019-04-01 18:56:44.0183| |ROw 870|  5 |5 |6 |6 |6 |6 |5 |6 |5 |5 |
2019-04-01 18:56:44.0183| |ROw 880|  6 |6 |5 |6 |5 |6 |6 |5 |6 |5 |
2019-04-01 18:56:44.0183| |ROw 890|  5 |6 |5 |7 |5 |5 |9 |6 |7 |5 |
2019-04-01 18:56:44.0183| |ROw 900|  5 |6 |5 |6 |6 |5 |6 |6 |6 |7 |
2019-04-01 18:56:44.0183| |ROw 910|  6 |6 |5 |5 |6 |5 |6 |7 |12 |6 |
2019-04-01 18:56:44.0183| |ROw 920|  5 |6 |5 |5 |6 |5 |6 |6 |5 |6 |
2019-04-01 18:56:44.0183| |ROw 930|  5 |5 |6 |5 |7 |6 |5 |6 |5 |5 |
2019-04-01 18:56:44.0183| |ROw 940|  7 |6 |6 |6 |5 |6 |6 |5 |6 |5 |
2019-04-01 18:56:44.0183| |ROw 950|  6 |6 |5 |6 |5 |6 |6 |5 |6 |5 |
2019-04-01 18:56:44.0183| |ROw 960|  5 |6 |6 |5 |7 |23 |8 |5 |6 |6 |
2019-04-01 18:56:44.0333| |ROw 970|  5 |6 |6 |5 |6 |5 |5 |6 |5 |6 |
2019-04-01 18:56:44.0333| |ROw 980|  6 |6 |8 |6 |8 |6 |6 |8 |6 |6 |
2019-04-01 18:56:44.0333| |ROw 990|  5 |6 |6 |5 |6 |6 |5 |6 |6 |5 |
2019-04-01 18:56:44.0333| |-----------------------------------
2019-04-01 18:56:53.7432| |----------AllTime is In Millisecodns-------------------------
2019-04-01 18:56:53.7432| |LocatorTypeUsed Xpath   Value //*[@id="buttonID"]
2019-04-01 18:56:53.7432| |Samples 1000 Avergere 6,398  Min 5  Max 38
2019-04-01 18:56:53.7432| |-----------------------------------
2019-04-01 18:56:53.7432| |ROw 0|  17 |11 |8 |10 |9 |9 |11 |7 |21 |8 |
2019-04-01 18:56:53.7432| |ROw 10|  9 |8 |9 |7 |7 |7 |8 |7 |7 |7 |
2019-04-01 18:56:53.7432| |ROw 20|  6 |7 |7 |10 |7 |7 |7 |8 |7 |8 |
2019-04-01 18:56:53.7432| |ROw 30|  7 |8 |7 |6 |7 |8 |8 |7 |8 |9 |
2019-04-01 18:56:53.7522| |ROw 40|  15 |9 |6 |8 |7 |7 |8 |7 |6 |8 |
2019-04-01 18:56:53.7522| |ROw 50|  7 |8 |7 |8 |7 |7 |7 |7 |8 |6 |
2019-04-01 18:56:53.7522| |ROw 60|  8 |9 |8 |7 |7 |6 |7 |6 |7 |7 |
2019-04-01 18:56:53.7522| |ROw 70|  7 |8 |7 |8 |6 |9 |6 |9 |6 |7 |
2019-04-01 18:56:53.7522| |ROw 80|  7 |6 |7 |6 |7 |6 |7 |7 |7 |9 |
2019-04-01 18:56:53.7522| |ROw 90|  6 |7 |7 |7 |6 |7 |7 |7 |7 |6 |
2019-04-01 18:56:53.7522| |ROw 100|  10 |7 |7 |6 |7 |6 |7 |8 |9 |10 |
2019-04-01 18:56:53.7522| |ROw 110|  9 |7 |8 |8 |8 |7 |8 |7 |8 |13 |
2019-04-01 18:56:53.7522| |ROw 120|  9 |8 |8 |10 |7 |8 |7 |8 |7 |9 |
2019-04-01 18:56:53.7522| |ROw 130|  6 |8 |6 |8 |7 |8 |7 |6 |7 |6 |
2019-04-01 18:56:53.7522| |ROw 140|  7 |6 |8 |7 |6 |8 |7 |7 |6 |7 |
2019-04-01 18:56:53.7522| |ROw 150|  6 |7 |6 |7 |7 |6 |7 |6 |7 |7 |
2019-04-01 18:56:53.7522| |ROw 160|  6 |8 |6 |7 |6 |7 |7 |6 |7 |6 |
2019-04-01 18:56:53.7522| |ROw 170|  7 |6 |7 |6 |7 |7 |6 |8 |6 |6 |
2019-04-01 18:56:53.7682| |ROw 180|  6 |6 |7 |6 |7 |6 |6 |7 |6 |7 |
2019-04-01 18:56:53.7682| |ROw 190|  5 |6 |7 |6 |6 |6 |6 |7 |5 |6 |
2019-04-01 18:56:53.7682| |ROw 200|  6 |5 |7 |5 |5 |7 |6 |7 |6 |5 |
2019-04-01 18:56:53.7682| |ROw 210|  6 |6 |6 |6 |5 |6 |5 |6 |6 |5 |
2019-04-01 18:56:53.7682| |ROw 220|  7 |6 |11 |6 |6 |6 |6 |6 |5 |6 |
2019-04-01 18:56:53.7682| |ROw 230|  7 |6 |6 |6 |6 |6 |6 |6 |6 |5 |
2019-04-01 18:56:53.7682| |ROw 240|  7 |6 |5 |7 |6 |8 |6 |7 |6 |6 |
2019-04-01 18:56:53.7682| |ROw 250|  7 |5 |6 |6 |5 |6 |5 |5 |7 |6 |
2019-04-01 18:56:53.7682| |ROw 260|  7 |6 |6 |6 |6 |6 |6 |5 |6 |5 |
2019-04-01 18:56:53.7682| |ROw 270|  7 |6 |5 |7 |6 |6 |6 |6 |7 |5 |
2019-04-01 18:56:53.7682| |ROw 280|  6 |7 |6 |7 |5 |5 |7 |6 |6 |6 |
2019-04-01 18:56:53.7682| |ROw 290|  5 |7 |5 |6 |6 |6 |7 |6 |19 |10 |
2019-04-01 18:56:53.7682| |ROw 300|  6 |7 |6 |7 |6 |6 |7 |5 |7 |6 |
2019-04-01 18:56:53.7842| |ROw 310|  6 |7 |6 |7 |6 |6 |8 |6 |7 |6 |
2019-04-01 18:56:53.7842| |ROw 320|  7 |6 |5 |7 |6 |8 |8 |7 |6 |6 |
2019-04-01 18:56:53.7842| |ROw 330|  7 |6 |7 |7 |8 |7 |8 |6 |8 |7 |
2019-04-01 18:56:53.7842| |ROw 340|  6 |13 |8 |5 |5 |7 |6 |8 |6 |7 |
2019-04-01 18:56:53.7842| |ROw 350|  6 |8 |7 |6 |38 |6 |6 |7 |6 |6 |
2019-04-01 18:56:53.7842| |ROw 360|  6 |6 |6 |6 |7 |6 |6 |7 |6 |7 |
2019-04-01 18:56:53.7842| |ROw 370|  6 |9 |8 |7 |6 |6 |6 |6 |6 |7 |
2019-04-01 18:56:53.7842| |ROw 380|  6 |7 |6 |8 |6 |6 |6 |6 |8 |6 |
2019-04-01 18:56:53.7842| |ROw 390|  6 |7 |5 |7 |6 |6 |6 |6 |6 |6 |
2019-04-01 18:56:53.7842| |ROw 400|  6 |7 |6 |7 |6 |6 |7 |5 |7 |6 |
2019-04-01 18:56:53.7842| |ROw 410|  6 |6 |6 |7 |6 |6 |7 |6 |7 |6 |
2019-04-01 18:56:53.7992| |ROw 420|  5 |8 |6 |7 |7 |6 |8 |6 |8 |6 |
2019-04-01 18:56:53.7992| |ROw 430|  8 |6 |7 |6 |6 |7 |7 |7 |6 |7 |
2019-04-01 18:56:53.7992| |ROw 440|  7 |7 |7 |6 |8 |7 |10 |6 |7 |6 |
2019-04-01 18:56:53.7992| |ROw 450|  10 |7 |6 |6 |6 |8 |6 |7 |6 |6 |
2019-04-01 18:56:53.7992| |ROw 460|  7 |5 |7 |6 |6 |11 |8 |8 |6 |6 |
2019-04-01 18:56:53.7992| |ROw 470|  6 |7 |5 |6 |7 |6 |7 |5 |6 |8 |
2019-04-01 18:56:53.7992| |ROw 480|  5 |7 |6 |7 |6 |6 |7 |6 |6 |6 |
2019-04-01 18:56:53.7992| |ROw 490|  6 |7 |6 |6 |6 |5 |7 |6 |8 |6 |
2019-04-01 18:56:53.7992| |ROw 500|  6 |6 |6 |7 |8 |7 |6 |6 |7 |6 |
2019-04-01 18:56:53.7992| |ROw 510|  7 |6 |8 |6 |5 |7 |7 |6 |7 |7 |
2019-04-01 18:56:53.7992| |ROw 520|  6 |5 |8 |6 |7 |7 |6 |6 |6 |11 |
2019-04-01 18:56:53.7992| |ROw 530|  7 |7 |6 |7 |6 |6 |7 |6 |8 |6 |
2019-04-01 18:56:53.8142| |ROw 540|  8 |7 |7 |8 |6 |7 |6 |7 |6 |6 |
2019-04-01 18:56:53.8142| |ROw 550|  7 |6 |6 |6 |5 |6 |5 |5 |6 |5 |
2019-04-01 18:56:53.8142| |ROw 560|  6 |5 |5 |6 |5 |5 |6 |5 |5 |6 |
2019-04-01 18:56:53.8142| |ROw 570|  5 |6 |6 |5 |6 |5 |5 |6 |5 |6 |
2019-04-01 18:56:53.8142| |ROw 580|  6 |5 |6 |6 |5 |6 |6 |5 |6 |5 |
2019-04-01 18:56:53.8142| |ROw 590|  6 |5 |5 |6 |5 |5 |6 |5 |5 |6 |
2019-04-01 18:56:53.8142| |ROw 600|  5 |5 |6 |5 |7 |6 |5 |6 |5 |8 |
2019-04-01 18:56:53.8142| |ROw 610|  5 |6 |6 |5 |6 |6 |5 |5 |6 |6 |
2019-04-01 18:56:53.8142| |ROw 620|  6 |6 |5 |7 |6 |7 |8 |10 |6 |6 |
2019-04-01 18:56:53.8142| |ROw 630|  6 |5 |6 |5 |5 |6 |5 |6 |6 |8 |
2019-04-01 18:56:53.8142| |ROw 640|  7 |5 |6 |5 |5 |6 |5 |5 |7 |6 |
2019-04-01 18:56:53.8142| |ROw 650|  6 |6 |5 |6 |5 |5 |7 |5 |5 |6 |
2019-04-01 18:56:53.8142| |ROw 660|  5 |6 |5 |5 |6 |5 |5 |6 |5 |5 |
2019-04-01 18:56:53.8142| |ROw 670|  6 |5 |6 |6 |5 |6 |5 |5 |6 |5 |
2019-04-01 18:56:53.8302| |ROw 680|  6 |6 |5 |6 |5 |5 |6 |5 |11 |6 |
2019-04-01 18:56:53.8302| |ROw 690|  6 |5 |5 |6 |5 |5 |7 |5 |6 |7 |
2019-04-01 18:56:53.8302| |ROw 700|  5 |6 |6 |5 |7 |5 |6 |6 |5 |6 |
2019-04-01 18:56:53.8302| |ROw 710|  5 |5 |7 |6 |7 |6 |5 |7 |6 |6 |
2019-04-01 18:56:53.8302| |ROw 720|  6 |5 |6 |6 |6 |6 |6 |7 |6 |6 |
2019-04-01 18:56:53.8302| |ROw 730|  7 |5 |7 |6 |6 |6 |6 |6 |5 |5 |
2019-04-01 18:56:53.8302| |ROw 740|  6 |5 |5 |6 |5 |8 |6 |5 |6 |5 |
2019-04-01 18:56:53.8302| |ROw 750|  5 |5 |5 |5 |6 |5 |6 |6 |5 |6 |
2019-04-01 18:56:53.8302| |ROw 760|  5 |5 |6 |5 |6 |7 |5 |6 |5 |5 |
2019-04-01 18:56:53.8302| |ROw 770|  7 |5 |6 |6 |5 |6 |6 |5 |6 |5 |
2019-04-01 18:56:53.8302| |ROw 780|  6 |6 |5 |6 |5 |5 |8 |5 |7 |6 |
2019-04-01 18:56:53.8302| |ROw 790|  6 |8 |6 |9 |7 |8 |7 |8 |6 |7 |
2019-04-01 18:56:53.8302| |ROw 800|  6 |6 |7 |6 |6 |6 |6 |7 |6 |6 |
2019-04-01 18:56:53.8302| |ROw 810|  6 |6 |6 |5 |5 |6 |5 |6 |5 |5 |
2019-04-01 18:56:53.8462| |ROw 820|  6 |6 |5 |6 |5 |5 |6 |5 |5 |6 |
2019-04-01 18:56:53.8462| |ROw 830|  6 |6 |6 |5 |6 |5 |5 |6 |5 |6 |
2019-04-01 18:56:53.8462| |ROw 840|  6 |5 |6 |6 |5 |6 |5 |5 |10 |6 |
2019-04-01 18:56:53.8462| |ROw 850|  6 |5 |5 |6 |5 |6 |5 |5 |6 |5 |
2019-04-01 18:56:53.8462| |ROw 860|  5 |6 |5 |5 |6 |8 |6 |5 |5 |7 |
2019-04-01 18:56:53.8462| |ROw 870|  5 |6 |6 |5 |6 |5 |5 |6 |5 |5 |
2019-04-01 18:56:53.8462| |ROw 880|  7 |5 |7 |5 |5 |6 |5 |5 |6 |5 |
2019-04-01 18:56:53.8462| |ROw 890|  6 |6 |5 |6 |6 |5 |7 |5 |7 |7 |
2019-04-01 18:56:53.8462| |ROw 900|  6 |7 |5 |7 |6 |6 |6 |6 |6 |6 |
2019-04-01 18:56:53.8462| |ROw 910|  6 |7 |6 |7 |6 |5 |7 |7 |7 |6 |
2019-04-01 18:56:53.8462| |ROw 920|  6 |6 |5 |6 |6 |5 |6 |5 |5 |7 |
2019-04-01 18:56:53.8462| |ROw 930|  5 |6 |6 |6 |6 |5 |5 |6 |5 |6 |
2019-04-01 18:56:53.8462| |ROw 940|  6 |5 |6 |5 |5 |8 |5 |5 |6 |5 |
2019-04-01 18:56:53.8462| |ROw 950|  6 |6 |5 |6 |6 |6 |7 |7 |10 |6 |
2019-04-01 18:56:53.8622| |ROw 960|  8 |6 |8 |7 |9 |6 |8 |6 |6 |7 |
2019-04-01 18:56:53.8622| |ROw 970|  6 |7 |6 |7 |6 |6 |6 |6 |6 |7 |
2019-04-01 18:56:53.8622| |ROw 980|  6 |11 |7 |6 |6 |6 |6 |6 |7 |5 |
2019-04-01 18:56:53.8622| |ROw 990|  6 |6 |5 |6 |5 |5 |6 |5 |5 |6 |
2019-04-01 18:56:53.8622| |-----------------------------------
2019-04-01 20:39:05.2315| |----------AllTime is In Millisecodns-------------------------
2019-04-01 20:39:05.2735| |LocatorTypeUsed css   Value #buttonID
2019-04-01 20:39:05.2735| |Samples 1000 Avergere 7,088  Min 5  Max 127
2019-04-01 20:39:05.2735| |-----------------------------------
2019-04-01 20:39:05.2735| |ROw 0|  17 |7 |6 |7 |6 |7 |8 |7 |9 |7 |
2019-04-01 20:39:05.2785| |ROw 10|  6 |8 |6 |6 |7 |7 |7 |13 |6 |7 |
2019-04-01 20:39:05.2785| |ROw 20|  8 |7 |8 |7 |7 |6 |9 |7 |8 |7 |
2019-04-01 20:39:05.2785| |ROw 30|  8 |7 |8 |7 |8 |7 |8 |7 |7 |7 |
2019-04-01 20:39:05.2785| |ROw 40|  8 |7 |8 |8 |7 |7 |7 |7 |7 |7 |
2019-04-01 20:39:05.2785| |ROw 50|  7 |7 |8 |7 |8 |6 |12 |6 |8 |7 |
2019-04-01 20:39:05.2785| |ROw 60|  6 |8 |7 |7 |7 |7 |9 |7 |8 |7 |
2019-04-01 20:39:05.2785| |ROw 70|  7 |8 |7 |7 |6 |8 |6 |8 |7 |7 |
2019-04-01 20:39:05.2785| |ROw 80|  7 |8 |8 |27 |6 |8 |7 |9 |7 |8 |
2019-04-01 20:39:05.2785| |ROw 90|  7 |9 |7 |8 |6 |6 |7 |6 |7 |6 |
2019-04-01 20:39:05.2785| |ROw 100|  7 |6 |6 |7 |6 |10 |6 |8 |7 |7 |
2019-04-01 20:39:05.2785| |ROw 110|  6 |6 |6 |6 |7 |6 |6 |6 |6 |6 |
2019-04-01 20:39:05.2945| |ROw 120|  7 |7 |6 |6 |6 |6 |7 |6 |6 |7 |
2019-04-01 20:39:05.2945| |ROw 130|  6 |6 |7 |6 |7 |6 |6 |6 |6 |7 |
2019-04-01 20:39:05.2945| |ROw 140|  6 |6 |6 |5 |7 |6 |6 |6 |6 |7 |
2019-04-01 20:39:05.2945| |ROw 150|  8 |7 |5 |6 |6 |6 |7 |5 |6 |6 |
2019-04-01 20:39:05.2945| |ROw 160|  7 |7 |7 |8 |6 |6 |8 |8 |8 |12 |
2019-04-01 20:39:05.2945| |ROw 170|  6 |6 |7 |6 |6 |6 |8 |6 |6 |10 |
2019-04-01 20:39:05.2945| |ROw 180|  6 |7 |7 |7 |7 |7 |7 |9 |6 |9 |
2019-04-01 20:39:05.2945| |ROw 190|  7 |10 |8 |9 |8 |10 |9 |12 |8 |8 |
2019-04-01 20:39:05.3105| |ROw 200|  8 |8 |8 |10 |11 |8 |7 |7 |6 |7 |
2019-04-01 20:39:05.3105| |ROw 210|  9 |22 |11 |8 |7 |7 |7 |6 |7 |6 |
2019-04-01 20:39:05.3105| |ROw 220|  7 |6 |6 |7 |6 |6 |6 |6 |7 |6 |
2019-04-01 20:39:05.3105| |ROw 230|  7 |6 |6 |7 |6 |7 |6 |8 |7 |6 |
2019-04-01 20:39:05.3105| |ROw 240|  7 |6 |8 |6 |8 |6 |7 |6 |6 |7 |
2019-04-01 20:39:05.3105| |ROw 250|  5 |6 |6 |7 |8 |6 |6 |6 |7 |6 |
2019-04-01 20:39:05.3105| |ROw 260|  6 |7 |6 |6 |6 |5 |6 |6 |6 |7 |
2019-04-01 20:39:05.3265| |ROw 270|  5 |6 |6 |6 |6 |6 |6 |6 |6 |7 |
2019-04-01 20:39:05.3265| |ROw 280|  6 |6 |6 |10 |6 |6 |6 |6 |7 |6 |
2019-04-01 20:39:05.3265| |ROw 290|  6 |6 |6 |7 |11 |7 |6 |7 |6 |7 |
2019-04-01 20:39:05.3265| |ROw 300|  6 |7 |7 |6 |6 |7 |6 |7 |6 |12 |
2019-04-01 20:39:05.3415| |ROw 310|  6 |6 |6 |6 |9 |6 |7 |6 |6 |7 |
2019-04-01 20:39:05.3415| |ROw 320|  6 |7 |5 |6 |6 |5 |7 |6 |6 |7 |
2019-04-01 20:39:05.3415| |ROw 330|  9 |7 |6 |7 |6 |9 |6 |6 |6 |6 |
2019-04-01 20:39:05.3415| |ROw 340|  7 |6 |6 |7 |6 |7 |5 |6 |7 |6 |
2019-04-01 20:39:05.3415| |ROw 350|  7 |6 |7 |6 |6 |6 |6 |7 |6 |6 |
2019-04-01 20:39:05.3415| |ROw 360|  6 |6 |6 |6 |6 |7 |6 |7 |6 |5 |
2019-04-01 20:39:05.3415| |ROw 370|  7 |6 |7 |6 |6 |7 |6 |7 |6 |6 |
2019-04-01 20:39:05.3415| |ROw 380|  9 |6 |7 |6 |7 |6 |13 |6 |7 |7 |
2019-04-01 20:39:05.3415| |ROw 390|  7 |7 |8 |7 |9 |8 |9 |6 |6 |7 |
2019-04-01 20:39:05.3575| |ROw 400|  6 |7 |7 |8 |6 |7 |8 |7 |7 |6 |
2019-04-01 20:39:05.3575| |ROw 410|  6 |5 |7 |6 |6 |7 |6 |6 |6 |6 |
2019-04-01 20:39:05.3575| |ROw 420|  6 |6 |6 |6 |6 |6 |5 |5 |7 |6 |
2019-04-01 20:39:05.3575| |ROw 430|  6 |6 |6 |7 |9 |6 |7 |6 |6 |5 |
2019-04-01 20:39:05.3575| |ROw 440|  7 |6 |6 |6 |6 |6 |5 |5 |6 |8 |
2019-04-01 20:39:05.3575| |ROw 450|  6 |6 |5 |6 |5 |5 |6 |6 |6 |5 |
2019-04-01 20:39:05.3575| |ROw 460|  5 |6 |5 |5 |6 |6 |5 |6 |5 |6 |
2019-04-01 20:39:05.3575| |ROw 470|  5 |5 |6 |5 |5 |6 |6 |6 |6 |5 |
2019-04-01 20:39:05.3575| |ROw 480|  6 |5 |5 |6 |5 |5 |8 |5 |6 |5 |
2019-04-01 20:39:05.3725| |ROw 490|  6 |7 |5 |7 |6 |6 |7 |5 |6 |6 |
2019-04-01 20:39:05.3725| |ROw 500|  6 |7 |5 |5 |6 |6 |6 |5 |5 |6 |
2019-04-01 20:39:05.3725| |ROw 510|  6 |6 |6 |5 |6 |6 |5 |6 |5 |5 |
2019-04-01 20:39:05.3725| |ROw 520|  6 |5 |6 |6 |5 |6 |6 |5 |6 |5 |
2019-04-01 20:39:05.3725| |ROw 530|  5 |6 |5 |6 |5 |6 |7 |5 |6 |6 |
2019-04-01 20:39:05.3725| |ROw 540|  5 |7 |5 |5 |6 |6 |5 |6 |5 |10 |
2019-04-01 20:39:05.3725| |ROw 550|  6 |7 |6 |5 |6 |5 |5 |6 |6 |10 |
2019-04-01 20:39:05.3725| |ROw 560|  5 |5 |6 |5 |6 |6 |6 |6 |6 |10 |
2019-04-01 20:39:05.3725| |ROw 570|  6 |7 |6 |7 |6 |7 |8 |6 |10 |6 |
2019-04-01 20:39:05.3725| |ROw 580|  9 |6 |9 |6 |7 |7 |6 |7 |6 |6 |
2019-04-01 20:39:05.3885| |ROw 590|  6 |6 |6 |6 |6 |6 |5 |7 |5 |7 |
2019-04-01 20:39:05.3885| |ROw 600|  6 |5 |6 |6 |5 |7 |6 |6 |6 |5 |
2019-04-01 20:39:05.3885| |ROw 610|  7 |6 |5 |7 |5 |7 |5 |6 |6 |5 |
2019-04-01 20:39:05.3885| |ROw 620|  6 |6 |6 |7 |6 |6 |6 |6 |6 |6 |
2019-04-01 20:39:05.3885| |ROw 630|  5 |6 |6 |5 |7 |5 |7 |6 |5 |6 |
2019-04-01 20:39:05.3885| |ROw 640|  5 |5 |7 |5 |6 |6 |9 |5 |5 |6 |
2019-04-01 20:39:05.3885| |ROw 650|  6 |5 |6 |6 |6 |7 |5 |6 |6 |5 |
2019-04-01 20:39:05.3885| |ROw 660|  7 |8 |8 |6 |7 |6 |6 |6 |5 |6 |
2019-04-01 20:39:05.3885| |ROw 670|  5 |5 |7 |6 |7 |6 |5 |7 |5 |6 |
2019-04-01 20:39:05.4035| |ROw 680|  6 |5 |7 |5 |5 |6 |9 |8 |6 |5 |
2019-04-01 20:39:05.4035| |ROw 690|  6 |5 |6 |6 |5 |6 |6 |6 |6 |5 |
2019-04-01 20:39:05.4035| |ROw 700|  7 |6 |6 |6 |5 |6 |5 |5 |7 |9 |
2019-04-01 20:39:05.4035| |ROw 710|  7 |5 |7 |6 |5 |7 |5 |6 |6 |6 |
2019-04-01 20:39:05.4035| |ROw 720|  7 |6 |7 |6 |5 |7 |6 |5 |7 |5 |
2019-04-01 20:39:05.4205| |ROw 730|  7 |5 |5 |7 |6 |6 |6 |7 |7 |6 |
2019-04-01 20:39:05.4205| |ROw 740|  6 |7 |9 |7 |9 |7 |8 |8 |9 |7 |
2019-04-01 20:39:05.4205| |ROw 750|  12 |7 |7 |7 |8 |7 |10 |12 |11 |10 |
2019-04-01 20:39:05.4205| |ROw 760|  6 |7 |6 |7 |6 |7 |8 |7 |6 |7 |
2019-04-01 20:39:05.4205| |ROw 770|  7 |6 |6 |7 |6 |7 |6 |7 |6 |6 |
2019-04-01 20:39:05.4205| |ROw 780|  7 |6 |9 |6 |9 |5 |6 |7 |6 |7 |
2019-04-01 20:39:05.4205| |ROw 790|  6 |6 |6 |6 |7 |6 |7 |6 |6 |7 |
2019-04-01 20:39:05.4205| |ROw 800|  7 |6 |6 |6 |6 |5 |5 |9 |7 |7 |
2019-04-01 20:39:05.4205| |ROw 810|  7 |7 |8 |6 |7 |6 |6 |5 |6 |8 |
2019-04-01 20:39:05.4375| |ROw 820|  6 |6 |6 |6 |7 |6 |6 |5 |7 |5 |
2019-04-01 20:39:05.4375| |ROw 830|  6 |6 |5 |6 |6 |6 |6 |5 |6 |6 |
2019-04-01 20:39:05.4375| |ROw 840|  5 |7 |7 |6 |7 |6 |6 |6 |6 |6 |
2019-04-01 20:39:05.4375| |ROw 850|  6 |6 |6 |5 |6 |6 |6 |6 |5 |7 |
2019-04-01 20:39:05.4375| |ROw 860|  5 |5 |6 |5 |6 |6 |5 |6 |5 |5 |
2019-04-01 20:39:05.4555| |ROw 870|  9 |5 |6 |6 |8 |5 |6 |6 |6 |6 |
2019-04-01 20:39:05.4555| |ROw 880|  6 |5 |7 |5 |7 |6 |6 |6 |6 |5 |
2019-04-01 20:39:05.4555| |ROw 890|  7 |5 |6 |6 |5 |6 |6 |5 |7 |5 |
2019-04-01 20:39:05.4555| |ROw 900|  127 |23 |46 |14 |13 |8 |12 |11 |7 |27 |
2019-04-01 20:39:05.4555| |ROw 910|  20 |14 |17 |16 |9 |14 |12 |10 |7 |9 |
2019-04-01 20:39:05.4555| |ROw 920|  6 |6 |7 |13 |7 |10 |14 |13 |9 |12 |
2019-04-01 20:39:05.4675| |ROw 930|  8 |10 |9 |23 |10 |6 |13 |34 |15 |9 |
2019-04-01 20:39:05.4675| |ROw 940|  8 |8 |10 |10 |17 |11 |9 |12 |7 |10 |
2019-04-01 20:39:05.4675| |ROw 950|  6 |10 |8 |12 |10 |7 |14 |9 |13 |22 |
2019-04-01 20:39:05.4675| |ROw 960|  9 |10 |7 |14 |9 |26 |16 |15 |6 |6 |
2019-04-01 20:39:05.4675| |ROw 970|  6 |5 |5 |6 |6 |5 |9 |7 |11 |28 |
2019-04-01 20:39:05.4675| |ROw 980|  6 |7 |6 |6 |8 |9 |9 |8 |8 |6 |
2019-04-01 20:39:05.4675| |ROw 990|  9 |7 |10 |7 |7 |7 |7 |6 |9 |7 |
2019-04-01 20:39:05.4675| |-----------------------------------
2019-04-02 17:24:59.0731| |----------AllTime is In Millisecodns-------------------------
2019-04-02 17:24:59.1111| |LocatorTypeUsed class   Value button
2019-04-02 17:24:59.1111| |Samples 1000 Avergere 6,259  Min 5  Max 19
2019-04-02 17:24:59.1111| |-----------------------------------
2019-04-02 17:24:59.1111| |Row 0|  19 |7 |7 |7 |7 |8 |9 |7 |6 |7 |
2019-04-02 17:24:59.1111| |Row 10|  7 |6 |7 |6 |6 |6 |6 |6 |6 |5 |
2019-04-02 17:24:59.1111| |Row 20|  7 |6 |7 |6 |6 |7 |7 |6 |6 |9 |
2019-04-02 17:24:59.1111| |Row 30|  6 |6 |6 |6 |7 |6 |6 |7 |7 |7 |
2019-04-02 17:24:59.1111| |Row 40|  6 |12 |7 |7 |6 |8 |7 |6 |7 |6 |
2019-04-02 17:24:59.1221| |Row 50|  7 |6 |6 |7 |7 |6 |6 |6 |5 |6 |
2019-04-02 17:24:59.1221| |Row 60|  6 |6 |6 |6 |6 |6 |6 |6 |6 |7 |
2019-04-02 17:24:59.1221| |Row 70|  7 |6 |6 |6 |5 |6 |6 |6 |6 |6 |
2019-04-02 17:24:59.1221| |Row 80|  6 |6 |6 |6 |6 |6 |7 |7 |7 |6 |
2019-04-02 17:24:59.1221| |Row 90|  7 |6 |6 |7 |6 |7 |7 |8 |7 |8 |
2019-04-02 17:24:59.1221| |Row 100|  7 |7 |6 |6 |7 |8 |8 |7 |9 |7 |
2019-04-02 17:24:59.1221| |Row 110|  8 |7 |7 |7 |8 |7 |7 |7 |6 |6 |
2019-04-02 17:24:59.1221| |Row 120|  6 |5 |6 |7 |7 |5 |7 |6 |6 |6 |
2019-04-02 17:24:59.1221| |Row 130|  5 |6 |6 |5 |7 |6 |6 |6 |6 |6 |
2019-04-02 17:24:59.1221| |Row 140|  6 |6 |7 |6 |9 |6 |6 |7 |8 |7 |
2019-04-02 17:24:59.1221| |Row 150|  6 |7 |7 |8 |7 |7 |7 |6 |7 |6 |
2019-04-02 17:24:59.1221| |Row 160|  7 |7 |8 |7 |7 |6 |6 |8 |7 |8 |
2019-04-02 17:24:59.1221| |Row 170|  7 |7 |7 |7 |6 |7 |7 |7 |7 |6 |
2019-04-02 17:24:59.1221| |Row 180|  7 |7 |8 |7 |6 |6 |7 |7 |7 |16 |
2019-04-02 17:24:59.1371| |Row 190|  17 |9 |8 |7 |6 |7 |7 |7 |8 |6 |
2019-04-02 17:24:59.1371| |Row 200|  7 |6 |8 |7 |7 |6 |8 |7 |7 |7 |
2019-04-02 17:24:59.1371| |Row 210|  6 |7 |6 |8 |7 |7 |8 |7 |8 |6 |
2019-04-02 17:24:59.1371| |Row 220|  7 |6 |6 |6 |7 |8 |7 |8 |7 |7 |
2019-04-02 17:24:59.1371| |Row 230|  6 |7 |7 |8 |7 |7 |8 |7 |9 |7 |
2019-04-02 17:24:59.1371| |Row 240|  7 |7 |7 |7 |6 |7 |6 |7 |6 |7 |
2019-04-02 17:24:59.1371| |Row 250|  6 |7 |7 |7 |7 |6 |7 |6 |7 |7 |
2019-04-02 17:24:59.1371| |Row 260|  9 |10 |7 |7 |7 |6 |6 |7 |7 |7 |
2019-04-02 17:24:59.1371| |Row 270|  7 |11 |7 |7 |7 |7 |8 |8 |10 |8 |
2019-04-02 17:24:59.1371| |Row 280|  7 |8 |7 |7 |7 |7 |7 |7 |7 |7 |
2019-04-02 17:24:59.1371| |Row 290|  7 |7 |7 |7 |7 |6 |6 |9 |7 |7 |
2019-04-02 17:24:59.1371| |Row 300|  6 |7 |6 |7 |6 |6 |7 |6 |7 |7 |
2019-04-02 17:24:59.1371| |Row 310|  7 |7 |6 |7 |6 |7 |7 |6 |8 |6 |
2019-04-02 17:24:59.1371| |Row 320|  7 |7 |6 |7 |6 |7 |6 |6 |8 |6 |
2019-04-02 17:24:59.1521| |Row 330|  7 |6 |7 |7 |7 |8 |8 |6 |6 |6 |
2019-04-02 17:24:59.1521| |Row 340|  5 |6 |5 |6 |6 |5 |5 |6 |5 |5 |
2019-04-02 17:24:59.1521| |Row 350|  6 |5 |6 |6 |6 |6 |6 |6 |6 |6 |
2019-04-02 17:24:59.1521| |Row 360|  5 |5 |5 |8 |6 |6 |7 |6 |6 |6 |
2019-04-02 17:24:59.1521| |Row 370|  6 |6 |6 |6 |5 |5 |6 |6 |6 |6 |
2019-04-02 17:24:59.1521| |Row 380|  6 |6 |6 |6 |6 |6 |6 |6 |6 |6 |
2019-04-02 17:24:59.1521| |Row 390|  6 |6 |6 |6 |6 |6 |5 |6 |6 |6 |
2019-04-02 17:24:59.1521| |Row 400|  6 |6 |5 |6 |6 |6 |6 |6 |6 |5 |
2019-04-02 17:24:59.1521| |Row 410|  7 |6 |5 |6 |6 |8 |6 |5 |6 |6 |
2019-04-02 17:24:59.1521| |Row 420|  6 |6 |5 |6 |5 |9 |7 |6 |6 |6 |
2019-04-02 17:24:59.1521| |Row 430|  6 |6 |6 |6 |6 |5 |7 |5 |5 |6 |
2019-04-02 17:24:59.1521| |Row 440|  5 |6 |6 |5 |6 |5 |5 |7 |5 |6 |
2019-04-02 17:24:59.1521| |Row 450|  6 |6 |6 |5 |5 |6 |5 |6 |6 |6 |
2019-04-02 17:24:59.1521| |Row 460|  7 |5 |6 |6 |6 |6 |6 |6 |6 |6 |
2019-04-02 17:24:59.1521| |Row 470|  5 |6 |6 |6 |6 |5 |6 |6 |6 |6 |
2019-04-02 17:24:59.1691| |Row 480|  6 |6 |6 |5 |6 |6 |5 |6 |6 |5 |
2019-04-02 17:24:59.1691| |Row 490|  6 |5 |6 |6 |6 |6 |5 |6 |7 |7 |
2019-04-02 17:24:59.1691| |Row 500|  7 |7 |9 |7 |10 |6 |7 |7 |7 |6 |
2019-04-02 17:24:59.1691| |Row 510|  7 |7 |6 |7 |6 |6 |6 |5 |6 |5 |
2019-04-02 17:24:59.1691| |Row 520|  5 |6 |6 |9 |6 |6 |6 |5 |6 |5 |
2019-04-02 17:24:59.1691| |Row 530|  5 |7 |11 |6 |6 |6 |5 |6 |6 |5 |
2019-04-02 17:24:59.1691| |Row 540|  6 |6 |6 |6 |6 |5 |5 |6 |5 |6 |
2019-04-02 17:24:59.1691| |Row 550|  5 |6 |6 |6 |6 |6 |6 |6 |5 |5 |
2019-04-02 17:24:59.1691| |Row 560|  6 |6 |6 |6 |6 |6 |8 |6 |6 |5 |
2019-04-02 17:24:59.1691| |Row 570|  6 |5 |5 |6 |5 |5 |6 |6 |5 |6 |
2019-04-02 17:24:59.1691| |Row 580|  6 |6 |6 |6 |6 |6 |11 |7 |6 |6 |
2019-04-02 17:24:59.1841| |Row 590|  6 |6 |6 |6 |6 |6 |6 |5 |6 |5 |
2019-04-02 17:24:59.1841| |Row 600|  7 |7 |6 |6 |6 |6 |6 |6 |6 |6 |
2019-04-02 17:24:59.1841| |Row 610|  6 |6 |6 |5 |7 |7 |6 |6 |6 |6 |
2019-04-02 17:24:59.1841| |Row 620|  6 |6 |6 |6 |6 |6 |7 |6 |7 |7 |
2019-04-02 17:24:59.1841| |Row 630|  7 |6 |6 |6 |6 |7 |6 |5 |6 |5 |
2019-04-02 17:24:59.1841| |Row 640|  5 |6 |5 |6 |6 |6 |6 |6 |6 |6 |
2019-04-02 17:24:59.1841| |Row 650|  6 |6 |6 |8 |6 |6 |6 |6 |6 |7 |
2019-04-02 17:24:59.1841| |Row 660|  6 |7 |6 |5 |6 |5 |6 |5 |5 |6 |
2019-04-02 17:24:59.1841| |Row 670|  5 |6 |7 |6 |7 |7 |7 |7 |6 |7 |
2019-04-02 17:24:59.1841| |Row 680|  6 |7 |6 |7 |9 |7 |7 |6 |6 |6 |
2019-04-02 17:24:59.1841| |Row 690|  6 |6 |6 |6 |6 |5 |6 |5 |5 |6 |
2019-04-02 17:24:59.1841| |Row 700|  5 |5 |5 |5 |5 |6 |5 |5 |6 |5 |
2019-04-02 17:24:59.1841| |Row 710|  5 |5 |5 |6 |5 |6 |6 |5 |6 |5 |
2019-04-02 17:24:59.1991| |Row 720|  6 |6 |6 |6 |12 |6 |5 |5 |6 |6 |
2019-04-02 17:24:59.1991| |Row 730|  6 |5 |5 |5 |6 |5 |6 |6 |6 |6 |
2019-04-02 17:24:59.1991| |Row 740|  5 |6 |6 |6 |6 |6 |6 |8 |6 |6 |
2019-04-02 17:24:59.1991| |Row 750|  6 |6 |6 |6 |5 |6 |5 |6 |6 |6 |
2019-04-02 17:24:59.1991| |Row 760|  6 |5 |5 |5 |5 |6 |6 |6 |6 |5 |
2019-04-02 17:24:59.1991| |Row 770|  5 |6 |6 |6 |6 |6 |8 |6 |6 |6 |
2019-04-02 17:24:59.1991| |Row 780|  6 |6 |5 |5 |6 |5 |6 |6 |6 |6 |
2019-04-02 17:24:59.1991| |Row 790|  6 |6 |6 |5 |6 |5 |5 |6 |5 |5 |
2019-04-02 17:24:59.1991| |Row 800|  6 |5 |5 |6 |6 |6 |6 |5 |6 |5 |
2019-04-02 17:24:59.1991| |Row 810|  5 |6 |6 |6 |7 |5 |6 |6 |6 |6 |
2019-04-02 17:24:59.1991| |Row 820|  6 |7 |5 |5 |6 |6 |6 |6 |6 |6 |
2019-04-02 17:24:59.1991| |Row 830|  5 |5 |7 |5 |7 |6 |5 |7 |7 |7 |
2019-04-02 17:24:59.1991| |Row 840|  6 |6 |6 |6 |6 |7 |6 |6 |6 |7 |
2019-04-02 17:24:59.2151| |Row 850|  6 |7 |7 |6 |7 |6 |6 |6 |6 |7 |
2019-04-02 17:24:59.2151| |Row 860|  6 |7 |7 |6 |7 |7 |7 |6 |5 |6 |
2019-04-02 17:24:59.2151| |Row 870|  5 |6 |6 |5 |6 |6 |5 |6 |5 |6 |
2019-04-02 17:24:59.2151| |Row 880|  7 |6 |6 |5 |5 |5 |6 |6 |6 |5 |
2019-04-02 17:24:59.2151| |Row 890|  6 |6 |5 |6 |6 |6 |6 |8 |6 |5 |
2019-04-02 17:24:59.2151| |Row 900|  6 |6 |5 |6 |5 |5 |6 |9 |6 |6 |
2019-04-02 17:24:59.2151| |Row 910|  6 |6 |5 |7 |6 |6 |6 |6 |5 |6 |
2019-04-02 17:24:59.2151| |Row 920|  6 |6 |6 |5 |6 |5 |5 |6 |6 |6 |
2019-04-02 17:24:59.2151| |Row 930|  5 |5 |6 |5 |6 |5 |5 |5 |6 |5 |
2019-04-02 17:24:59.2151| |Row 940|  5 |6 |6 |6 |5 |5 |6 |6 |7 |6 |
2019-04-02 17:24:59.2151| |Row 950|  6 |6 |5 |5 |6 |6 |6 |7 |6 |7 |
2019-04-02 17:24:59.2151| |Row 960|  6 |7 |6 |7 |7 |6 |7 |6 |7 |7 |
2019-04-02 17:24:59.2151| |Row 970|  6 |7 |6 |6 |5 |6 |6 |5 |6 |6 |
2019-04-02 17:24:59.2321| |Row 980|  5 |6 |5 |5 |6 |6 |7 |6 |6 |6 |
2019-04-02 17:24:59.2321| |Row 990|  6 |6 |6 |6 |6 |6 |6 |6 |6 |7 |
2019-04-02 17:24:59.2321| |-----------------------------------
2019-04-02 17:25:08.9923| |----------AllTime is In Millisecodns-------------------------
2019-04-02 17:25:08.9923| |LocatorTypeUsed css   Value #buttonID
2019-04-02 17:25:08.9923| |Samples 1000 Avergere 6,701  Min 5  Max 18
2019-04-02 17:25:08.9923| |-----------------------------------
2019-04-02 17:25:08.9963| |Row 0|  18 |8 |9 |7 |7 |7 |8 |7 |7 |8 |
2019-04-02 17:25:08.9963| |Row 10|  9 |8 |8 |9 |8 |7 |8 |7 |9 |7 |
2019-04-02 17:25:08.9963| |Row 20|  8 |10 |8 |7 |8 |8 |9 |7 |7 |8 |
2019-04-02 17:25:08.9963| |Row 30|  8 |7 |7 |9 |9 |8 |8 |8 |8 |7 |
2019-04-02 17:25:08.9963| |Row 40|  8 |8 |8 |7 |8 |7 |8 |8 |7 |7 |
2019-04-02 17:25:08.9963| |Row 50|  8 |7 |9 |7 |8 |7 |7 |7 |7 |8 |
2019-04-02 17:25:08.9963| |Row 60|  8 |8 |7 |7 |7 |7 |7 |7 |7 |7 |
2019-04-02 17:25:08.9963| |Row 70|  7 |8 |8 |7 |7 |8 |7 |7 |7 |8 |
2019-04-02 17:25:08.9963| |Row 80|  9 |8 |7 |7 |7 |7 |8 |7 |8 |7 |
2019-04-02 17:25:08.9963| |Row 90|  8 |8 |8 |7 |7 |8 |7 |7 |8 |8 |
2019-04-02 17:25:08.9963| |Row 100|  7 |7 |9 |7 |7 |7 |6 |8 |7 |11 |
2019-04-02 17:25:08.9963| |Row 110|  6 |11 |8 |7 |8 |7 |7 |7 |7 |7 |
2019-04-02 17:25:08.9963| |Row 120|  7 |7 |7 |8 |7 |7 |10 |7 |6 |7 |
2019-04-02 17:25:08.9963| |Row 130|  7 |6 |7 |11 |15 |7 |6 |7 |6 |6 |
2019-04-02 17:25:09.0123| |Row 140|  6 |5 |6 |6 |5 |7 |6 |7 |6 |5 |
2019-04-02 17:25:09.0123| |Row 150|  6 |5 |6 |6 |5 |6 |6 |6 |7 |9 |
2019-04-02 17:25:09.0123| |Row 160|  7 |6 |6 |7 |6 |6 |6 |7 |6 |6 |
2019-04-02 17:25:09.0123| |Row 170|  6 |6 |6 |6 |6 |6 |6 |6 |6 |6 |
2019-04-02 17:25:09.0123| |Row 180|  15 |6 |6 |7 |6 |6 |7 |6 |6 |6 |
2019-04-02 17:25:09.0123| |Row 190|  7 |8 |7 |7 |6 |7 |6 |6 |6 |6 |
2019-04-02 17:25:09.0123| |Row 200|  6 |7 |6 |6 |6 |5 |6 |6 |7 |6 |
2019-04-02 17:25:09.0123| |Row 210|  6 |7 |7 |7 |6 |7 |7 |6 |7 |7 |
2019-04-02 17:25:09.0123| |Row 220|  7 |7 |7 |6 |7 |7 |6 |6 |5 |5 |
2019-04-02 17:25:09.0123| |Row 230|  6 |6 |6 |7 |7 |6 |6 |6 |6 |6 |
2019-04-02 17:25:09.0123| |Row 240|  6 |6 |6 |6 |6 |6 |6 |6 |6 |6 |
2019-04-02 17:25:09.0123| |Row 250|  9 |6 |6 |6 |6 |6 |5 |6 |6 |6 |
2019-04-02 17:25:09.0123| |Row 260|  6 |6 |6 |6 |6 |6 |6 |6 |6 |6 |
2019-04-02 17:25:09.0273| |Row 270|  6 |6 |6 |6 |6 |5 |6 |6 |6 |6 |
2019-04-02 17:25:09.0273| |Row 280|  6 |6 |6 |10 |6 |6 |6 |6 |7 |6 |
2019-04-02 17:25:09.0273| |Row 290|  6 |8 |6 |7 |6 |8 |6 |6 |7 |7 |
2019-04-02 17:25:09.0273| |Row 300|  7 |9 |8 |7 |7 |6 |7 |7 |7 |7 |
2019-04-02 17:25:09.0273| |Row 310|  6 |7 |6 |6 |7 |6 |6 |6 |7 |6 |
2019-04-02 17:25:09.0273| |Row 320|  6 |7 |6 |6 |7 |6 |6 |7 |7 |7 |
2019-04-02 17:25:09.0273| |Row 330|  7 |6 |7 |7 |7 |7 |6 |7 |8 |8 |
2019-04-02 17:25:09.0273| |Row 340|  7 |7 |7 |8 |7 |7 |9 |6 |7 |6 |
2019-04-02 17:25:09.0273| |Row 350|  7 |7 |6 |7 |6 |7 |6 |7 |6 |6 |
2019-04-02 17:25:09.0273| |Row 360|  7 |6 |7 |6 |7 |6 |7 |8 |7 |7 |
2019-04-02 17:25:09.0273| |Row 370|  6 |6 |6 |6 |7 |6 |7 |6 |7 |6 |
2019-04-02 17:25:09.0273| |Row 380|  10 |12 |7 |7 |7 |6 |6 |7 |6 |7 |
2019-04-02 17:25:09.0273| |Row 390|  6 |6 |6 |6 |7 |7 |7 |8 |7 |6 |
2019-04-02 17:25:09.0273| |Row 400|  6 |7 |6 |7 |6 |6 |7 |7 |7 |6 |
2019-04-02 17:25:09.0433| |Row 410|  7 |7 |9 |7 |7 |6 |6 |7 |6 |7 |
2019-04-02 17:25:09.0433| |Row 420|  6 |8 |6 |6 |7 |6 |7 |6 |7 |7 |
2019-04-02 17:25:09.0433| |Row 430|  7 |7 |7 |8 |7 |11 |8 |7 |6 |7 |
2019-04-02 17:25:09.0433| |Row 440|  7 |7 |8 |7 |7 |8 |7 |7 |7 |7 |
2019-04-02 17:25:09.0433| |Row 450|  7 |7 |6 |6 |7 |7 |6 |7 |6 |7 |
2019-04-02 17:25:09.0433| |Row 460|  7 |9 |7 |7 |6 |7 |8 |7 |9 |7 |
2019-04-02 17:25:09.0433| |Row 470|  8 |6 |7 |7 |7 |6 |8 |7 |6 |7 |
2019-04-02 17:25:09.0433| |Row 480|  7 |6 |6 |6 |7 |6 |7 |7 |7 |6 |
2019-04-02 17:25:09.0433| |Row 490|  6 |6 |6 |6 |6 |6 |12 |6 |6 |6 |
2019-04-02 17:25:09.0433| |Row 500|  6 |5 |5 |6 |5 |6 |5 |5 |6 |6 |
2019-04-02 17:25:09.0433| |Row 510|  6 |6 |6 |5 |6 |6 |5 |6 |6 |6 |
2019-04-02 17:25:09.0433| |Row 520|  6 |6 |7 |6 |6 |9 |7 |7 |6 |6 |
2019-04-02 17:25:09.0433| |Row 530|  6 |7 |7 |7 |8 |8 |6 |6 |7 |6 |
2019-04-02 17:25:09.0583| |Row 540|  7 |6 |7 |6 |7 |7 |7 |7 |6 |7 |
2019-04-02 17:25:09.0583| |Row 550|  6 |7 |6 |6 |7 |6 |6 |6 |6 |6 |
2019-04-02 17:25:09.0583| |Row 560|  6 |6 |6 |5 |6 |6 |5 |6 |5 |5 |
2019-04-02 17:25:09.0583| |Row 570|  6 |5 |5 |6 |7 |6 |5 |5 |6 |5 |
2019-04-02 17:25:09.0583| |Row 580|  6 |6 |5 |5 |5 |6 |6 |5 |5 |6 |
2019-04-02 17:25:09.0583| |Row 590|  6 |6 |6 |7 |7 |7 |6 |8 |7 |7 |
2019-04-02 17:25:09.0583| |Row 600|  6 |7 |7 |7 |6 |6 |8 |6 |8 |7 |
2019-04-02 17:25:09.0583| |Row 610|  8 |6 |7 |6 |6 |7 |6 |6 |6 |7 |
2019-04-02 17:25:09.0583| |Row 620|  7 |6 |7 |6 |6 |9 |6 |6 |6 |8 |
2019-04-02 17:25:09.0583| |Row 630|  7 |8 |9 |8 |7 |8 |6 |8 |7 |8 |
2019-04-02 17:25:09.0583| |Row 640|  7 |7 |8 |7 |8 |7 |7 |6 |7 |7 |
2019-04-02 17:25:09.0583| |Row 650|  7 |7 |7 |7 |8 |7 |6 |6 |7 |5 |
2019-04-02 17:25:09.0583| |Row 660|  6 |8 |7 |6 |5 |6 |5 |5 |5 |5 |
2019-04-02 17:25:09.0583| |Row 670|  5 |6 |5 |6 |6 |6 |6 |5 |5 |6 |
2019-04-02 17:25:09.0583| |Row 680|  5 |5 |6 |5 |5 |5 |5 |6 |5 |5 |
2019-04-02 17:25:09.0743| |Row 690|  6 |5 |5 |6 |6 |6 |5 |5 |6 |5 |
2019-04-02 17:25:09.0743| |Row 700|  5 |5 |5 |5 |6 |5 |5 |6 |5 |12 |
2019-04-02 17:25:09.0743| |Row 710|  6 |6 |5 |5 |6 |5 |5 |5 |5 |7 |
2019-04-02 17:25:09.0743| |Row 720|  11 |8 |6 |7 |6 |5 |7 |5 |6 |6 |
2019-04-02 17:25:09.0743| |Row 730|  5 |6 |5 |5 |9 |8 |7 |6 |11 |8 |
2019-04-02 17:25:09.0743| |Row 740|  8 |7 |7 |7 |7 |8 |7 |7 |6 |7 |
2019-04-02 17:25:09.0743| |Row 750|  6 |6 |5 |5 |6 |5 |5 |6 |5 |6 |
2019-04-02 17:25:09.0743| |Row 760|  5 |5 |5 |6 |5 |6 |6 |6 |6 |5 |
2019-04-02 17:25:09.0743| |Row 770|  5 |5 |5 |5 |6 |5 |6 |6 |6 |6 |
2019-04-02 17:25:09.0743| |Row 780|  6 |5 |6 |6 |5 |6 |5 |6 |8 |7 |
2019-04-02 17:25:09.0743| |Row 790|  6 |7 |6 |6 |6 |6 |6 |7 |6 |6 |
2019-04-02 17:25:09.0743| |Row 800|  7 |5 |6 |6 |7 |6 |6 |8 |7 |7 |
2019-04-02 17:25:09.0743| |Row 810|  8 |8 |7 |8 |7 |8 |8 |8 |6 |8 |
2019-04-02 17:25:09.0743| |Row 820|  7 |6 |7 |6 |6 |7 |6 |7 |6 |7 |
2019-04-02 17:25:09.0903| |Row 830|  6 |7 |7 |6 |6 |6 |6 |6 |11 |7 |
2019-04-02 17:25:09.0903| |Row 840|  7 |6 |7 |6 |6 |8 |6 |6 |7 |7 |
2019-04-02 17:25:09.0903| |Row 850|  8 |7 |8 |8 |8 |8 |8 |8 |14 |9 |
2019-04-02 17:25:09.0903| |Row 860|  7 |8 |8 |11 |7 |9 |7 |7 |9 |7 |
2019-04-02 17:25:09.0903| |Row 870|  7 |8 |7 |7 |7 |8 |7 |7 |7 |7 |
2019-04-02 17:25:09.0903| |Row 880|  7 |7 |8 |8 |7 |8 |7 |7 |7 |7 |
2019-04-02 17:25:09.0903| |Row 890|  6 |6 |7 |8 |7 |7 |7 |7 |6 |7 |
2019-04-02 17:25:09.0903| |Row 900|  6 |6 |7 |7 |8 |7 |8 |7 |6 |7 |
2019-04-02 17:25:09.0903| |Row 910|  6 |7 |7 |8 |7 |7 |6 |6 |6 |6 |
2019-04-02 17:25:09.0903| |Row 920|  6 |6 |14 |12 |8 |7 |7 |6 |7 |7 |
2019-04-02 17:25:09.0903| |Row 930|  7 |7 |7 |7 |6 |8 |7 |6 |6 |7 |
2019-04-02 17:25:09.0903| |Row 940|  6 |7 |8 |7 |7 |7 |7 |7 |6 |7 |
2019-04-02 17:25:09.0903| |Row 950|  7 |8 |8 |11 |11 |7 |7 |7 |7 |7 |
2019-04-02 17:25:09.1053| |Row 960|  7 |7 |7 |8 |6 |6 |6 |7 |7 |7 |
2019-04-02 17:25:09.1053| |Row 970|  7 |7 |6 |6 |7 |6 |7 |6 |6 |6 |
2019-04-02 17:25:09.1053| |Row 980|  6 |6 |6 |5 |5 |6 |9 |6 |6 |5 |
2019-04-02 17:25:09.1053| |Row 990|  6 |5 |5 |5 |5 |7 |6 |6 |6 |6 |
2019-04-02 17:25:09.1053| |-----------------------------------
2019-04-02 17:25:19.2463| |----------AllTime is In Millisecodns-------------------------
2019-04-02 17:25:19.2463| |LocatorTypeUsed id   Value buttonID
2019-04-02 17:25:19.2463| |Samples 1000 Avergere 6,854  Min 5  Max 37
2019-04-02 17:25:19.2463| |-----------------------------------
2019-04-02 17:25:19.2463| |Row 0|  18 |11 |9 |12 |7 |7 |8 |9 |7 |11 |
2019-04-02 17:25:19.2463| |Row 10|  10 |7 |8 |7 |7 |7 |8 |7 |7 |7 |
2019-04-02 17:25:19.2463| |Row 20|  7 |7 |7 |7 |6 |7 |6 |6 |6 |7 |
2019-04-02 17:25:19.2463| |Row 30|  7 |6 |6 |6 |6 |8 |8 |7 |7 |6 |
2019-04-02 17:25:19.2463| |Row 40|  9 |7 |6 |6 |7 |6 |6 |7 |6 |6 |
2019-04-02 17:25:19.2463| |Row 50|  5 |6 |6 |5 |6 |5 |6 |6 |5 |6 |
2019-04-02 17:25:19.2463| |Row 60|  6 |6 |6 |6 |6 |7 |6 |6 |6 |6 |
2019-04-02 17:25:19.2463| |Row 70|  6 |6 |7 |6 |6 |7 |6 |7 |7 |7 |
2019-04-02 17:25:19.2623| |Row 80|  6 |8 |6 |7 |8 |7 |7 |8 |7 |7 |
2019-04-02 17:25:19.2623| |Row 90|  7 |7 |6 |6 |6 |7 |6 |7 |7 |6 |
2019-04-02 17:25:19.2623| |Row 100|  6 |6 |7 |6 |6 |6 |6 |6 |7 |7 |
2019-04-02 17:25:19.2623| |Row 110|  6 |6 |7 |6 |6 |7 |6 |7 |6 |6 |
2019-04-02 17:25:19.2623| |Row 120|  7 |6 |7 |6 |8 |6 |7 |6 |6 |9 |
2019-04-02 17:25:19.2623| |Row 130|  7 |6 |9 |11 |8 |7 |7 |7 |7 |8 |
2019-04-02 17:25:19.2623| |Row 140|  7 |7 |7 |7 |8 |8 |7 |9 |8 |8 |
2019-04-02 17:25:19.2623| |Row 150|  7 |7 |7 |6 |9 |6 |7 |6 |6 |6 |
2019-04-02 17:25:19.2623| |Row 160|  6 |6 |6 |6 |7 |6 |7 |6 |7 |7 |
2019-04-02 17:25:19.2623| |Row 170|  6 |7 |8 |7 |8 |10 |10 |9 |9 |10 |
2019-04-02 17:25:19.2623| |Row 180|  13 |12 |9 |12 |8 |7 |8 |6 |7 |6 |
2019-04-02 17:25:19.2783| |Row 190|  7 |7 |6 |6 |7 |6 |6 |6 |6 |6 |
2019-04-02 17:25:19.2783| |Row 200|  6 |6 |6 |6 |6 |6 |7 |6 |6 |6 |
2019-04-02 17:25:19.2783| |Row 210|  6 |7 |5 |5 |6 |6 |7 |6 |6 |7 |
2019-04-02 17:25:19.2783| |Row 220|  6 |7 |5 |5 |7 |5 |6 |6 |6 |7 |
2019-04-02 17:25:19.2783| |Row 230|  7 |7 |8 |7 |7 |7 |9 |7 |7 |7 |
2019-04-02 17:25:19.2783| |Row 240|  8 |7 |7 |6 |8 |6 |8 |7 |7 |7 |
2019-04-02 17:25:19.2783| |Row 250|  8 |6 |6 |10 |6 |7 |6 |7 |7 |7 |
2019-04-02 17:25:19.2783| |Row 260|  6 |7 |7 |6 |6 |7 |8 |7 |13 |7 |
2019-04-02 17:25:19.2783| |Row 270|  7 |7 |7 |6 |8 |7 |7 |7 |7 |10 |
2019-04-02 17:25:19.2783| |Row 280|  10 |8 |7 |7 |9 |7 |8 |7 |7 |9 |
2019-04-02 17:25:19.2783| |Row 290|  6 |6 |8 |8 |9 |11 |13 |16 |14 |20 |
2019-04-02 17:25:19.2933| |Row 300|  34 |37 |14 |23 |24 |11 |10 |11 |9 |10 |
2019-04-02 17:25:19.2933| |Row 310|  7 |7 |7 |7 |8 |8 |7 |7 |7 |8 |
2019-04-02 17:25:19.2933| |Row 320|  6 |7 |6 |6 |7 |6 |7 |7 |8 |7 |
2019-04-02 17:25:19.2933| |Row 330|  8 |6 |7 |6 |7 |6 |7 |7 |7 |7 |
2019-04-02 17:25:19.2933| |Row 340|  7 |6 |6 |7 |7 |7 |9 |7 |7 |6 |
2019-04-02 17:25:19.2933| |Row 350|  7 |7 |6 |8 |6 |7 |6 |7 |7 |7 |
2019-04-02 17:25:19.2933| |Row 360|  6 |7 |7 |6 |8 |6 |23 |6 |5 |6 |
2019-04-02 17:25:19.2933| |Row 370|  6 |6 |7 |6 |7 |6 |7 |7 |6 |7 |
2019-04-02 17:25:19.2933| |Row 380|  6 |7 |7 |7 |7 |6 |7 |6 |10 |6 |
2019-04-02 17:25:19.2933| |Row 390|  6 |5 |6 |6 |6 |5 |5 |5 |7 |5 |
2019-04-02 17:25:19.2933| |Row 400|  6 |6 |5 |6 |6 |6 |6 |6 |6 |6 |
2019-04-02 17:25:19.3083| |Row 410|  7 |6 |6 |6 |5 |7 |10 |7 |9 |10 |
2019-04-02 17:25:19.3083| |Row 420|  8 |8 |7 |8 |7 |7 |7 |6 |7 |6 |
2019-04-02 17:25:19.3083| |Row 430|  9 |6 |7 |7 |7 |7 |7 |6 |6 |7 |
2019-04-02 17:25:19.3083| |Row 440|  6 |5 |6 |6 |6 |6 |5 |5 |6 |6 |
2019-04-02 17:25:19.3083| |Row 450|  6 |6 |6 |6 |7 |6 |6 |6 |6 |5 |
2019-04-02 17:25:19.3083| |Row 460|  6 |6 |6 |6 |6 |6 |6 |6 |7 |6 |
2019-04-02 17:25:19.3083| |Row 470|  6 |6 |6 |7 |6 |6 |6 |6 |6 |5 |
2019-04-02 17:25:19.3083| |Row 480|  5 |6 |5 |6 |6 |6 |6 |6 |6 |6 |
2019-04-02 17:25:19.3083| |Row 490|  6 |6 |6 |5 |6 |6 |5 |6 |5 |5 |
2019-04-02 17:25:19.3083| |Row 500|  6 |6 |9 |6 |6 |6 |6 |6 |6 |5 |
2019-04-02 17:25:19.3083| |Row 510|  6 |6 |7 |6 |5 |6 |6 |10 |6 |6 |
2019-04-02 17:25:19.3083| |Row 520|  5 |5 |7 |6 |6 |6 |6 |6 |6 |6 |
2019-04-02 17:25:19.3083| |Row 530|  7 |5 |6 |6 |6 |6 |5 |5 |7 |6 |
2019-04-02 17:25:19.3253| |Row 540|  7 |9 |17 |8 |7 |8 |7 |8 |8 |7 |
2019-04-02 17:25:19.3253| |Row 550|  8 |9 |7 |9 |8 |7 |6 |8 |7 |8 |
2019-04-02 17:25:19.3253| |Row 560|  8 |8 |7 |8 |8 |7 |7 |8 |8 |9 |
2019-04-02 17:25:19.3253| |Row 570|  6 |8 |7 |8 |7 |6 |7 |7 |7 |7 |
2019-04-02 17:25:19.3253| |Row 580|  8 |7 |7 |6 |7 |7 |6 |8 |9 |7 |
2019-04-02 17:25:19.3253| |Row 590|  7 |7 |6 |7 |7 |7 |9 |6 |7 |6 |
2019-04-02 17:25:19.3253| |Row 600|  8 |13 |7 |6 |6 |7 |7 |6 |8 |6 |
2019-04-02 17:25:19.3253| |Row 610|  6 |6 |6 |7 |6 |7 |7 |6 |8 |7 |
2019-04-02 17:25:19.3253| |Row 620|  6 |7 |6 |7 |6 |7 |6 |7 |6 |6 |
2019-04-02 17:25:19.3253| |Row 630|  7 |6 |7 |9 |7 |7 |6 |7 |6 |7 |
2019-04-02 17:25:19.3253| |Row 640|  6 |8 |6 |6 |13 |8 |6 |8 |9 |7 |
2019-04-02 17:25:19.3253| |Row 650|  6 |6 |7 |6 |6 |6 |8 |7 |6 |9 |
2019-04-02 17:25:19.3403| |Row 660|  6 |8 |7 |8 |7 |7 |6 |7 |7 |7 |
2019-04-02 17:25:19.3403| |Row 670|  6 |6 |8 |7 |9 |8 |7 |6 |7 |7 |
2019-04-02 17:25:19.3403| |Row 680|  9 |7 |8 |7 |7 |7 |7 |6 |6 |7 |
2019-04-02 17:25:19.3403| |Row 690|  7 |7 |10 |13 |7 |7 |6 |8 |6 |7 |
2019-04-02 17:25:19.3403| |Row 700|  6 |9 |7 |9 |7 |8 |7 |11 |8 |9 |
2019-04-02 17:25:19.3403| |Row 710|  6 |7 |7 |6 |7 |7 |5 |6 |6 |6 |
2019-04-02 17:25:19.3403| |Row 720|  6 |6 |6 |6 |6 |7 |9 |9 |7 |7 |
2019-04-02 17:25:19.3403| |Row 730|  9 |8 |7 |7 |7 |11 |7 |9 |6 |7 |
2019-04-02 17:25:19.3403| |Row 740|  7 |6 |7 |7 |7 |11 |7 |6 |7 |6 |
2019-04-02 17:25:19.3403| |Row 750|  6 |6 |6 |7 |6 |5 |6 |6 |5 |6 |
2019-04-02 17:25:19.3553| |Row 760|  7 |9 |5 |5 |6 |5 |6 |5 |5 |6 |
2019-04-02 17:25:19.3553| |Row 770|  5 |5 |6 |5 |5 |6 |6 |6 |5 |6 |
2019-04-02 17:25:19.3553| |Row 780|  6 |6 |5 |6 |6 |6 |6 |7 |7 |6 |
2019-04-02 17:25:19.3553| |Row 790|  7 |6 |6 |9 |8 |6 |6 |7 |5 |7 |
2019-04-02 17:25:19.3553| |Row 800|  6 |6 |6 |6 |6 |6 |5 |6 |6 |5 |
2019-04-02 17:25:19.3553| |Row 810|  6 |6 |6 |6 |12 |8 |6 |5 |5 |6 |
2019-04-02 17:25:19.3553| |Row 820|  6 |6 |7 |5 |6 |6 |6 |6 |5 |5 |
2019-04-02 17:25:19.3553| |Row 830|  6 |6 |6 |5 |5 |6 |6 |5 |7 |6 |
2019-04-02 17:25:19.3553| |Row 840|  5 |6 |6 |6 |5 |5 |6 |6 |5 |8 |
2019-04-02 17:25:19.3553| |Row 850|  8 |7 |6 |6 |6 |6 |10 |9 |10 |10 |
2019-04-02 17:25:19.3553| |Row 860|  7 |9 |8 |8 |8 |9 |9 |8 |8 |9 |
2019-04-02 17:25:19.3553| |Row 870|  8 |8 |8 |6 |6 |6 |6 |6 |6 |5 |
2019-04-02 17:25:19.3713| |Row 880|  6 |5 |5 |6 |5 |5 |6 |5 |6 |5 |
2019-04-02 17:25:19.3713| |Row 890|  5 |6 |5 |5 |6 |5 |5 |6 |5 |5 |
2019-04-02 17:25:19.3713| |Row 900|  6 |6 |5 |6 |5 |10 |5 |6 |5 |5 |
2019-04-02 17:25:19.3713| |Row 910|  7 |5 |6 |5 |6 |6 |6 |6 |6 |6 |
2019-04-02 17:25:19.3713| |Row 920|  6 |5 |6 |7 |5 |6 |6 |6 |6 |6 |
2019-04-02 17:25:19.3713| |Row 930|  6 |6 |7 |6 |5 |5 |6 |9 |6 |6 |
2019-04-02 17:25:19.3713| |Row 940|  6 |6 |6 |9 |6 |6 |7 |6 |6 |6 |
2019-04-02 17:25:19.3713| |Row 950|  7 |6 |6 |7 |6 |7 |7 |6 |6 |6 |
2019-04-02 17:25:19.3713| |Row 960|  7 |6 |6 |6 |5 |6 |8 |6 |6 |5 |
2019-04-02 17:25:19.3713| |Row 970|  6 |5 |6 |6 |5 |5 |6 |5 |6 |6 |
2019-04-02 17:25:19.3713| |Row 980|  5 |6 |5 |6 |5 |5 |5 |6 |5 |5 |
2019-04-02 17:25:19.3873| |Row 990|  6 |5 |6 |6 |6 |6 |6 |7 |7 |6 |
2019-04-02 17:25:19.3873| |-----------------------------------
2019-04-02 17:25:28.7965| |----------AllTime is In Millisecodns-------------------------
2019-04-02 17:25:28.7965| |LocatorTypeUsed Xpath   Value //*[@id="buttonID"]
2019-04-02 17:25:28.7965| |Samples 1000 Avergere 6,355  Min 5  Max 18
2019-04-02 17:25:28.7965| |-----------------------------------
2019-04-02 17:25:28.7965| |Row 0|  18 |8 |7 |7 |8 |7 |9 |8 |8 |15 |
2019-04-02 17:25:28.7965| |Row 10|  13 |9 |8 |8 |10 |7 |7 |9 |7 |8 |
2019-04-02 17:25:28.7965| |Row 20|  8 |8 |7 |7 |7 |9 |9 |8 |8 |8 |
2019-04-02 17:25:28.7965| |Row 30|  10 |8 |9 |8 |11 |8 |9 |7 |10 |8 |
2019-04-02 17:25:28.7965| |Row 40|  8 |7 |8 |8 |8 |8 |7 |7 |7 |7 |
2019-04-02 17:25:28.8085| |Row 50|  8 |7 |7 |6 |8 |7 |6 |6 |6 |6 |
2019-04-02 17:25:28.8085| |Row 60|  6 |6 |6 |6 |7 |6 |7 |6 |9 |6 |
2019-04-02 17:25:28.8085| |Row 70|  6 |7 |6 |6 |6 |6 |6 |6 |6 |7 |
2019-04-02 17:25:28.8085| |Row 80|  6 |6 |6 |6 |6 |6 |7 |7 |7 |7 |
2019-04-02 17:25:28.8085| |Row 90|  7 |7 |7 |7 |6 |7 |7 |7 |7 |6 |
2019-04-02 17:25:28.8085| |Row 100|  7 |9 |7 |7 |7 |7 |7 |6 |7 |7 |
2019-04-02 17:25:28.8085| |Row 110|  7 |7 |6 |7 |6 |7 |6 |10 |7 |8 |
2019-04-02 17:25:28.8085| |Row 120|  8 |7 |6 |7 |7 |7 |8 |7 |6 |7 |
2019-04-02 17:25:28.8085| |Row 130|  7 |7 |6 |7 |6 |7 |6 |8 |6 |7 |
2019-04-02 17:25:28.8085| |Row 140|  6 |7 |9 |7 |7 |7 |7 |6 |7 |7 |
2019-04-02 17:25:28.8085| |Row 150|  6 |7 |6 |7 |7 |6 |6 |6 |6 |6 |
2019-04-02 17:25:28.8245| |Row 160|  5 |6 |7 |6 |6 |6 |6 |6 |6 |6 |
2019-04-02 17:25:28.8245| |Row 170|  6 |6 |6 |6 |6 |6 |7 |6 |7 |6 |
2019-04-02 17:25:28.8245| |Row 180|  7 |7 |7 |7 |7 |8 |7 |7 |7 |7 |
2019-04-02 17:25:28.8245| |Row 190|  7 |7 |7 |7 |7 |6 |8 |8 |7 |6 |
2019-04-02 17:25:28.8245| |Row 200|  6 |6 |8 |8 |6 |8 |7 |7 |6 |7 |
2019-04-02 17:25:28.8245| |Row 210|  6 |6 |9 |6 |7 |7 |7 |6 |7 |6 |
2019-04-02 17:25:28.8245| |Row 220|  6 |7 |7 |7 |7 |7 |6 |6 |7 |6 |
2019-04-02 17:25:28.8245| |Row 230|  7 |7 |8 |6 |7 |7 |6 |6 |7 |7 |
2019-04-02 17:25:28.8245| |Row 240|  7 |7 |7 |6 |7 |6 |7 |9 |8 |6 |
2019-04-02 17:25:28.8245| |Row 250|  6 |7 |6 |6 |7 |6 |7 |7 |8 |7 |
2019-04-02 17:25:28.8245| |Row 260|  6 |6 |6 |6 |11 |7 |7 |8 |7 |8 |
2019-04-02 17:25:28.8245| |Row 270|  12 |11 |8 |7 |7 |7 |7 |6 |6 |6 |
2019-04-02 17:25:28.8405| |Row 280|  6 |7 |6 |7 |7 |6 |7 |6 |6 |7 |
2019-04-02 17:25:28.8405| |Row 290|  6 |6 |6 |7 |6 |8 |6 |7 |7 |6 |
2019-04-02 17:25:28.8405| |Row 300|  7 |7 |8 |7 |7 |6 |6 |7 |6 |7 |
2019-04-02 17:25:28.8405| |Row 310|  6 |7 |6 |7 |6 |7 |7 |7 |7 |7 |
2019-04-02 17:25:28.8405| |Row 320|  7 |7 |7 |7 |8 |7 |7 |7 |9 |8 |
2019-04-02 17:25:28.8405| |Row 330|  7 |9 |7 |12 |7 |8 |7 |7 |6 |6 |
2019-04-02 17:25:28.8405| |Row 340|  6 |6 |6 |6 |7 |5 |6 |7 |6 |6 |
2019-04-02 17:25:28.8405| |Row 350|  6 |6 |7 |6 |6 |7 |6 |6 |6 |6 |
2019-04-02 17:25:28.8405| |Row 360|  6 |5 |6 |6 |7 |5 |5 |5 |5 |5 |
2019-04-02 17:25:28.8405| |Row 370|  6 |5 |5 |7 |6 |6 |5 |6 |6 |5 |
2019-04-02 17:25:28.8405| |Row 380|  5 |5 |5 |5 |6 |5 |5 |6 |6 |6 |
2019-04-02 17:25:28.8555| |Row 390|  6 |6 |6 |6 |6 |6 |9 |8 |6 |6 |
2019-04-02 17:25:28.8555| |Row 400|  6 |6 |6 |6 |6 |6 |6 |6 |5 |6 |
2019-04-02 17:25:28.8555| |Row 410|  6 |6 |6 |6 |6 |6 |6 |6 |6 |6 |
2019-04-02 17:25:28.8555| |Row 420|  6 |6 |8 |6 |6 |6 |6 |7 |6 |6 |
2019-04-02 17:25:28.8555| |Row 430|  6 |6 |6 |6 |6 |6 |6 |6 |7 |6 |
2019-04-02 17:25:28.8555| |Row 440|  5 |5 |6 |6 |5 |6 |7 |6 |6 |5 |
2019-04-02 17:25:28.8555| |Row 450|  5 |6 |5 |5 |6 |5 |5 |6 |5 |6 |
2019-04-02 17:25:28.8555| |Row 460|  5 |5 |6 |5 |5 |6 |5 |5 |6 |7 |
2019-04-02 17:25:28.8555| |Row 470|  6 |6 |6 |6 |6 |6 |6 |6 |6 |6 |
2019-04-02 17:25:28.8555| |Row 480|  6 |6 |5 |6 |5 |8 |7 |5 |6 |5 |
2019-04-02 17:25:28.8555| |Row 490|  6 |5 |6 |6 |6 |6 |6 |6 |6 |6 |
2019-04-02 17:25:28.8725| |Row 500|  5 |6 |6 |6 |6 |5 |6 |6 |6 |6 |
2019-04-02 17:25:28.8725| |Row 510|  6 |6 |6 |6 |6 |6 |5 |8 |6 |6 |
2019-04-02 17:25:28.8725| |Row 520|  7 |6 |7 |6 |7 |6 |6 |6 |7 |8 |
2019-04-02 17:25:28.8725| |Row 530|  6 |12 |7 |7 |6 |6 |6 |5 |6 |6 |
2019-04-02 17:25:28.8725| |Row 540|  6 |5 |5 |5 |6 |5 |5 |6 |5 |6 |
2019-04-02 17:25:28.8725| |Row 550|  6 |5 |5 |6 |5 |6 |6 |6 |6 |5 |
2019-04-02 17:25:28.8725| |Row 560|  6 |5 |5 |6 |5 |6 |6 |6 |6 |5 |
2019-04-02 17:25:28.8725| |Row 570|  5 |7 |6 |5 |6 |6 |6 |5 |5 |6 |
2019-04-02 17:25:28.8725| |Row 580|  6 |6 |6 |6 |6 |5 |5 |6 |6 |6 |
2019-04-02 17:25:28.8725| |Row 590|  6 |6 |6 |6 |6 |6 |6 |6 |7 |6 |
2019-04-02 17:25:28.8865| |Row 600|  6 |5 |5 |5 |5 |5 |6 |5 |6 |5 |
2019-04-02 17:25:28.8865| |Row 610|  6 |6 |5 |6 |6 |6 |6 |6 |5 |6 |
2019-04-02 17:25:28.8865| |Row 620|  5 |6 |6 |5 |6 |6 |6 |6 |8 |6 |
2019-04-02 17:25:28.8865| |Row 630|  6 |6 |7 |6 |7 |6 |6 |12 |6 |6 |
2019-04-02 17:25:28.8865| |Row 640|  6 |6 |6 |6 |6 |6 |6 |6 |7 |6 |
2019-04-02 17:25:28.8865| |Row 650|  6 |6 |6 |6 |6 |6 |6 |6 |7 |7 |
2019-04-02 17:25:28.8865| |Row 660|  6 |7 |7 |7 |7 |7 |6 |7 |7 |7 |
2019-04-02 17:25:28.8865| |Row 670|  7 |6 |6 |6 |6 |7 |6 |5 |6 |5 |
2019-04-02 17:25:28.8865| |Row 680|  6 |5 |5 |6 |5 |5 |6 |5 |5 |6 |
2019-04-02 17:25:28.8865| |Row 690|  9 |6 |6 |7 |7 |6 |7 |6 |6 |6 |
2019-04-02 17:25:28.8865| |Row 700|  7 |7 |6 |7 |7 |7 |6 |6 |6 |6 |
2019-04-02 17:25:28.8865| |Row 710|  6 |6 |5 |5 |5 |5 |6 |5 |5 |6 |
2019-04-02 17:25:28.9025| |Row 720|  5 |5 |5 |5 |5 |6 |6 |6 |6 |5 |
2019-04-02 17:25:28.9025| |Row 730|  6 |6 |5 |5 |6 |6 |6 |6 |6 |6 |
2019-04-02 17:25:28.9025| |Row 740|  5 |5 |6 |6 |6 |6 |6 |7 |6 |7 |
2019-04-02 17:25:28.9025| |Row 750|  8 |6 |6 |8 |7 |7 |6 |6 |6 |6 |
2019-04-02 17:25:28.9025| |Row 760|  6 |6 |6 |7 |6 |8 |6 |6 |6 |6 |
2019-04-02 17:25:28.9025| |Row 770|  6 |6 |6 |6 |6 |6 |6 |6 |7 |6 |
2019-04-02 17:25:28.9025| |Row 780|  6 |6 |6 |6 |6 |11 |7 |6 |8 |7 |
2019-04-02 17:25:28.9025| |Row 790|  6 |6 |6 |6 |6 |7 |6 |7 |6 |6 |
2019-04-02 17:25:28.9025| |Row 800|  5 |5 |6 |6 |6 |6 |5 |6 |5 |6 |
2019-04-02 17:25:28.9025| |Row 810|  6 |6 |6 |6 |6 |6 |6 |6 |10 |6 |
2019-04-02 17:25:28.9025| |Row 820|  6 |5 |5 |6 |6 |6 |6 |5 |5 |7 |
2019-04-02 17:25:28.9025| |Row 830|  6 |6 |6 |5 |6 |5 |6 |6 |5 |6 |
2019-04-02 17:25:28.9185| |Row 840|  6 |6 |6 |5 |5 |6 |6 |6 |6 |6 |
2019-04-02 17:25:28.9185| |Row 850|  10 |6 |6 |5 |6 |6 |6 |6 |6 |5 |
2019-04-02 17:25:28.9185| |Row 860|  6 |6 |6 |6 |12 |6 |6 |7 |6 |7 |
2019-04-02 17:25:28.9185| |Row 870|  6 |6 |7 |6 |7 |6 |7 |7 |6 |6 |
2019-04-02 17:25:28.9185| |Row 880|  6 |6 |6 |7 |6 |5 |7 |6 |6 |6 |
2019-04-02 17:25:28.9185| |Row 890|  5 |6 |6 |6 |6 |5 |5 |6 |6 |6 |
2019-04-02 17:25:28.9185| |Row 900|  6 |6 |6 |5 |5 |6 |5 |6 |6 |6 |
2019-04-02 17:25:28.9185| |Row 910|  6 |6 |6 |6 |6 |6 |6 |6 |6 |5 |
2019-04-02 17:25:28.9185| |Row 920|  6 |5 |5 |6 |5 |5 |6 |6 |6 |5 |
2019-04-02 17:25:28.9185| |Row 930|  5 |6 |6 |7 |6 |6 |6 |5 |5 |6 |
2019-04-02 17:25:28.9185| |Row 940|  6 |6 |6 |6 |7 |6 |5 |7 |5 |6 |
2019-04-02 17:25:28.9185| |Row 950|  6 |5 |6 |9 |7 |5 |7 |5 |6 |6 |
2019-04-02 17:25:28.9335| |Row 960|  6 |6 |6 |6 |6 |6 |6 |7 |6 |6 |
2019-04-02 17:25:28.9335| |Row 970|  6 |7 |6 |6 |6 |6 |6 |6 |6 |6 |
2019-04-02 17:25:28.9335| |Row 980|  6 |6 |6 |6 |6 |6 |6 |6 |6 |6 |
2019-04-02 17:25:28.9335| |Row 990|  6 |6 |6 |8 |6 |6 |7 |7 |7 |7 |
2019-04-02 17:25:28.9335| |-----------------------------------
2019-04-04 16:09:10.5041| |----------AllTime is In Millisecodns-------------------------
2019-04-04 16:09:10.5381| |LocatorTypeUsed class   Value button
2019-04-04 16:09:10.5381| |Samples 1000 Avergere 5,85  Min 5  Max 17
2019-04-04 16:09:10.5381| |-----------------------------------
2019-04-04 16:09:10.5381| |Row 0|  17 |6 |6 |6 |6 |7 |8 |6 |6 |6 |
2019-04-04 16:09:10.5381| |Row 10|  6 |6 |7 |6 |5 |10 |6 |6 |6 |6 |
2019-04-04 16:09:10.5381| |Row 20|  7 |6 |6 |6 |6 |6 |6 |6 |6 |6 |
2019-04-04 16:09:10.5381| |Row 30|  6 |7 |6 |7 |6 |5 |6 |6 |5 |6 |
2019-04-04 16:09:10.5381| |Row 40|  6 |5 |6 |6 |6 |6 |6 |7 |6 |5 |
2019-04-04 16:09:10.5471| |Row 50|  6 |6 |6 |6 |6 |6 |6 |7 |6 |6 |
2019-04-04 16:09:10.5471| |Row 60|  6 |6 |6 |6 |6 |7 |6 |6 |6 |6 |
2019-04-04 16:09:10.5471| |Row 70|  6 |6 |6 |6 |6 |6 |6 |6 |6 |6 |
2019-04-04 16:09:10.5471| |Row 80|  7 |6 |6 |7 |6 |6 |6 |7 |6 |6 |
2019-04-04 16:09:10.5471| |Row 90|  6 |7 |6 |7 |6 |6 |6 |6 |7 |6 |
2019-04-04 16:09:10.5471| |Row 100|  7 |6 |10 |6 |6 |7 |6 |6 |6 |6 |
2019-04-04 16:09:10.5471| |Row 110|  6 |5 |6 |6 |6 |6 |5 |5 |8 |6 |
2019-04-04 16:09:10.5471| |Row 120|  6 |6 |6 |6 |8 |7 |6 |5 |6 |5 |
2019-04-04 16:09:10.5471| |Row 130|  6 |6 |5 |6 |6 |6 |6 |5 |6 |5 |
2019-04-04 16:09:10.5471| |Row 140|  5 |6 |6 |6 |6 |5 |7 |6 |6 |7 |
2019-04-04 16:09:10.5471| |Row 150|  6 |7 |6 |6 |6 |6 |6 |6 |6 |7 |
2019-04-04 16:09:10.5471| |Row 160|  6 |7 |7 |6 |7 |6 |7 |7 |7 |6 |
2019-04-04 16:09:10.5471| |Row 170|  7 |6 |6 |7 |6 |8 |6 |7 |6 |8 |
2019-04-04 16:09:10.5471| |Row 180|  7 |6 |7 |6 |6 |6 |6 |6 |6 |7 |
2019-04-04 16:09:10.5621| |Row 190|  6 |6 |7 |6 |7 |6 |6 |7 |6 |6 |
2019-04-04 16:09:10.5621| |Row 200|  6 |6 |8 |6 |7 |6 |7 |6 |6 |6 |
2019-04-04 16:09:10.5621| |Row 210|  6 |7 |6 |6 |6 |6 |7 |6 |6 |6 |
2019-04-04 16:09:10.5621| |Row 220|  6 |7 |6 |6 |6 |6 |7 |6 |6 |7 |
2019-04-04 16:09:10.5621| |Row 230|  6 |6 |6 |6 |7 |6 |6 |6 |8 |7 |
2019-04-04 16:09:10.5621| |Row 240|  6 |6 |6 |7 |6 |6 |8 |7 |8 |6 |
2019-04-04 16:09:10.5621| |Row 250|  7 |6 |9 |8 |7 |6 |6 |6 |6 |8 |
2019-04-04 16:09:10.5621| |Row 260|  6 |6 |6 |6 |6 |6 |6 |6 |6 |6 |
2019-04-04 16:09:10.5621| |Row 270|  6 |6 |7 |6 |6 |6 |6 |6 |6 |6 |
2019-04-04 16:09:10.5621| |Row 280|  6 |6 |6 |6 |7 |6 |6 |6 |6 |6 |
2019-04-04 16:09:10.5621| |Row 290|  6 |7 |6 |6 |6 |6 |7 |6 |7 |6 |
2019-04-04 16:09:10.5621| |Row 300|  6 |6 |7 |6 |6 |5 |6 |6 |6 |6 |
2019-04-04 16:09:10.5621| |Row 310|  6 |6 |6 |5 |6 |7 |6 |6 |6 |6 |
2019-04-04 16:09:10.5621| |Row 320|  6 |6 |7 |6 |6 |7 |6 |6 |6 |7 |
2019-04-04 16:09:10.5621| |Row 330|  7 |6 |6 |6 |6 |6 |7 |6 |7 |7 |
2019-04-04 16:09:10.5781| |Row 340|  7 |5 |6 |5 |5 |6 |5 |5 |5 |5 |
2019-04-04 16:09:10.5781| |Row 350|  6 |6 |6 |8 |5 |5 |5 |5 |6 |6 |
2019-04-04 16:09:10.5781| |Row 360|  5 |6 |5 |5 |6 |5 |5 |6 |5 |7 |
2019-04-04 16:09:10.5781| |Row 370|  5 |5 |6 |5 |5 |5 |5 |5 |6 |5 |
2019-04-04 16:09:10.5781| |Row 380|  5 |6 |7 |6 |5 |5 |6 |5 |5 |6 |
2019-04-04 16:09:10.5781| |Row 390|  5 |5 |6 |5 |5 |6 |5 |8 |6 |5 |
2019-04-04 16:09:10.5781| |Row 400|  6 |5 |5 |6 |5 |5 |5 |5 |6 |5 |
2019-04-04 16:09:10.5781| |Row 410|  5 |6 |9 |6 |6 |10 |6 |6 |6 |6 |
2019-04-04 16:09:10.5781| |Row 420|  5 |6 |5 |5 |5 |5 |6 |5 |5 |6 |
2019-04-04 16:09:10.5781| |Row 430|  6 |5 |6 |6 |6 |6 |5 |6 |5 |5 |
2019-04-04 16:09:10.5781| |Row 440|  6 |6 |6 |6 |5 |5 |5 |5 |6 |5 |
2019-04-04 16:09:10.5781| |Row 450|  5 |6 |5 |5 |5 |5 |6 |6 |5 |5 |
2019-04-04 16:09:10.5781| |Row 460|  6 |5 |5 |6 |5 |6 |5 |5 |6 |5 |
2019-04-04 16:09:10.5781| |Row 470|  5 |5 |5 |5 |6 |5 |5 |6 |5 |5 |
2019-04-04 16:09:10.5781| |Row 480|  6 |5 |6 |6 |5 |6 |5 |5 |6 |5 |
2019-04-04 16:09:10.5941| |Row 490|  5 |6 |5 |5 |6 |5 |5 |5 |5 |8 |
2019-04-04 16:09:10.5941| |Row 500|  6 |7 |8 |6 |6 |6 |5 |6 |6 |7 |
2019-04-04 16:09:10.5941| |Row 510|  7 |10 |6 |10 |7 |8 |7 |7 |5 |5 |
2019-04-04 16:09:10.5941| |Row 520|  7 |6 |7 |6 |6 |6 |7 |6 |6 |5 |
2019-04-04 16:09:10.5941| |Row 530|  6 |5 |5 |5 |5 |5 |6 |5 |5 |5 |
2019-04-04 16:09:10.5941| |Row 540|  5 |5 |6 |5 |5 |5 |5 |6 |6 |6 |
2019-04-04 16:09:10.5941| |Row 550|  6 |5 |5 |6 |9 |6 |5 |5 |6 |5 |
2019-04-04 16:09:10.5941| |Row 560|  6 |5 |6 |6 |5 |5 |5 |5 |5 |5 |
2019-04-04 16:09:10.5941| |Row 570|  5 |5 |5 |5 |5 |5 |9 |6 |5 |5 |
2019-04-04 16:09:10.5941| |Row 580|  5 |5 |6 |6 |5 |6 |6 |5 |6 |5 |
2019-04-04 16:09:10.5941| |Row 590|  5 |6 |5 |5 |6 |5 |5 |6 |5 |5 |
2019-04-04 16:09:10.5941| |Row 600|  5 |5 |6 |5 |5 |6 |5 |5 |6 |5 |
2019-04-04 16:09:10.5941| |Row 610|  5 |5 |5 |5 |6 |5 |6 |5 |8 |6 |
2019-04-04 16:09:10.5941| |Row 620|  5 |5 |5 |5 |5 |7 |5 |6 |5 |5 |
2019-04-04 16:09:10.6091| |Row 630|  6 |5 |5 |5 |5 |5 |6 |5 |5 |5 |
2019-04-04 16:09:10.6091| |Row 640|  5 |5 |5 |5 |6 |5 |5 |5 |5 |5 |
2019-04-04 16:09:10.6091| |Row 650|  6 |5 |5 |6 |5 |5 |5 |5 |6 |6 |
2019-04-04 16:09:10.6091| |Row 660|  5 |5 |5 |5 |6 |6 |7 |6 |5 |5 |
2019-04-04 16:09:10.6091| |Row 670|  6 |5 |5 |7 |5 |5 |6 |5 |5 |6 |
2019-04-04 16:09:10.6091| |Row 680|  5 |6 |5 |5 |6 |5 |5 |5 |5 |5 |
2019-04-04 16:09:10.6091| |Row 690|  6 |5 |5 |6 |5 |6 |5 |6 |6 |6 |
2019-04-04 16:09:10.6091| |Row 700|  6 |6 |5 |6 |6 |6 |6 |6 |5 |6 |
2019-04-04 16:09:10.6091| |Row 710|  6 |6 |6 |5 |6 |5 |5 |6 |5 |5 |
2019-04-04 16:09:10.6091| |Row 720|  6 |5 |5 |6 |5 |5 |6 |5 |6 |5 |
2019-04-04 16:09:10.6091| |Row 730|  5 |6 |5 |5 |6 |5 |9 |6 |8 |6 |
2019-04-04 16:09:10.6091| |Row 740|  6 |5 |6 |5 |5 |5 |5 |6 |5 |5 |
2019-04-04 16:09:10.6091| |Row 750|  5 |5 |5 |6 |5 |6 |6 |5 |6 |6 |
2019-04-04 16:09:10.6091| |Row 760|  6 |6 |6 |5 |5 |5 |6 |6 |6 |6 |
2019-04-04 16:09:10.6091| |Row 770|  5 |6 |6 |5 |6 |6 |5 |6 |5 |6 |
2019-04-04 16:09:10.6251| |Row 780|  6 |5 |6 |5 |5 |6 |6 |6 |6 |6 |
2019-04-04 16:09:10.6251| |Row 790|  5 |5 |6 |5 |6 |6 |6 |5 |5 |6 |
2019-04-04 16:09:10.6251| |Row 800|  6 |6 |6 |5 |6 |5 |5 |6 |6 |6 |
2019-04-04 16:09:10.6251| |Row 810|  5 |6 |6 |6 |5 |6 |5 |6 |6 |6 |
2019-04-04 16:09:10.6251| |Row 820|  6 |5 |6 |5 |5 |5 |6 |6 |6 |6 |
2019-04-04 16:09:10.6251| |Row 830|  6 |6 |6 |5 |8 |5 |6 |5 |5 |6 |
2019-04-04 16:09:10.6251| |Row 840|  5 |6 |6 |6 |6 |6 |5 |6 |5 |6 |
2019-04-04 16:09:10.6251| |Row 850|  6 |5 |6 |5 |5 |7 |5 |5 |6 |6 |
2019-04-04 16:09:10.6251| |Row 860|  7 |7 |6 |6 |6 |6 |6 |6 |6 |10 |
2019-04-04 16:09:10.6251| |Row 870|  10 |6 |7 |6 |13 |8 |13 |8 |7 |7 |
2019-04-04 16:09:10.6251| |Row 880|  7 |7 |7 |7 |6 |8 |7 |6 |6 |5 |
2019-04-04 16:09:10.6251| |Row 890|  6 |6 |6 |6 |5 |5 |5 |8 |6 |5 |
2019-04-04 16:09:10.6251| |Row 900|  5 |6 |6 |5 |6 |5 |5 |6 |5 |5 |
2019-04-04 16:09:10.6251| |Row 910|  6 |5 |5 |5 |5 |5 |6 |5 |5 |6 |
2019-04-04 16:09:10.6251| |Row 920|  5 |5 |6 |5 |6 |6 |6 |6 |6 |5 |
2019-04-04 16:09:10.6401| |Row 930|  6 |5 |6 |5 |6 |6 |5 |6 |6 |6 |
2019-04-04 16:09:10.6401| |Row 940|  6 |6 |6 |6 |5 |5 |5 |5 |5 |6 |
2019-04-04 16:09:10.6401| |Row 950|  6 |5 |6 |5 |5 |5 |5 |6 |5 |5 |
2019-04-04 16:09:10.6401| |Row 960|  5 |5 |5 |6 |5 |5 |6 |5 |5 |6 |
2019-04-04 16:09:10.6401| |Row 970|  5 |5 |6 |5 |5 |6 |5 |6 |5 |6 |
2019-04-04 16:09:10.6401| |Row 980|  6 |5 |5 |6 |5 |5 |6 |5 |5 |6 |
2019-04-04 16:09:10.6401| |Row 990|  6 |5 |7 |6 |5 |7 |5 |6 |5 |5 |
2019-04-04 16:09:10.6401| |-----------------------------------
2019-04-04 16:09:20.5741| |----------AllTime is In Millisecodns-------------------------
2019-04-04 16:09:20.5741| |LocatorTypeUsed css   Value #buttonID
2019-04-04 16:09:20.5741| |Samples 1000 Avergere 6,875  Min 5  Max 94
2019-04-04 16:09:20.5741| |-----------------------------------
2019-04-04 16:09:20.5791| |Row 0|  20 |10 |13 |94 |65 |21 |10 |8 |12 |17 |
2019-04-04 16:09:20.5791| |Row 10|  29 |83 |8 |9 |8 |6 |7 |12 |11 |7 |
2019-04-04 16:09:20.5791| |Row 20|  7 |7 |7 |7 |7 |6 |6 |6 |6 |7 |
2019-04-04 16:09:20.5791| |Row 30|  6 |7 |6 |9 |6 |6 |6 |6 |6 |6 |
2019-04-04 16:09:20.5791| |Row 40|  6 |6 |7 |8 |6 |6 |7 |6 |6 |6 |
2019-04-04 16:09:20.5791| |Row 50|  6 |6 |6 |6 |8 |6 |6 |6 |6 |6 |
2019-04-04 16:09:20.5791| |Row 60|  6 |6 |6 |6 |6 |6 |6 |6 |6 |6 |
2019-04-04 16:09:20.5791| |Row 70|  6 |7 |6 |6 |6 |6 |7 |6 |6 |7 |
2019-04-04 16:09:20.5791| |Row 80|  6 |7 |7 |6 |6 |5 |7 |6 |6 |6 |
2019-04-04 16:09:20.5791| |Row 90|  6 |6 |6 |7 |6 |6 |6 |6 |6 |6 |
2019-04-04 16:09:20.5791| |Row 100|  6 |6 |6 |5 |8 |6 |6 |6 |6 |6 |
2019-04-04 16:09:20.5791| |Row 110|  6 |6 |6 |6 |6 |6 |6 |6 |6 |7 |
2019-04-04 16:09:20.5791| |Row 120|  9 |6 |6 |7 |6 |6 |6 |6 |6 |10 |
2019-04-04 16:09:20.5941| |Row 130|  8 |8 |7 |8 |7 |7 |7 |8 |6 |7 |
2019-04-04 16:09:20.5941| |Row 140|  6 |7 |6 |6 |7 |6 |7 |6 |6 |6 |
2019-04-04 16:09:20.5941| |Row 150|  5 |6 |5 |6 |7 |5 |5 |6 |7 |7 |
2019-04-04 16:09:20.5941| |Row 160|  6 |6 |9 |9 |9 |8 |8 |8 |9 |9 |
2019-04-04 16:09:20.5941| |Row 170|  8 |11 |9 |6 |6 |7 |6 |7 |6 |6 |
2019-04-04 16:09:20.5941| |Row 180|  6 |6 |6 |6 |7 |6 |9 |8 |7 |6 |
2019-04-04 16:09:20.5941| |Row 190|  6 |7 |6 |7 |9 |6 |7 |6 |7 |6 |
2019-04-04 16:09:20.5941| |Row 200|  6 |6 |6 |7 |6 |6 |6 |6 |7 |8 |
2019-04-04 16:09:20.5941| |Row 210|  7 |6 |7 |7 |7 |6 |7 |7 |6 |7 |
2019-04-04 16:09:20.5941| |Row 220|  6 |6 |6 |6 |6 |6 |7 |6 |6 |6 |
2019-04-04 16:09:20.5941| |Row 230|  6 |6 |6 |7 |7 |7 |10 |6 |6 |6 |
2019-04-04 16:09:20.5941| |Row 240|  6 |6 |6 |6 |7 |6 |6 |6 |6 |6 |
2019-04-04 16:09:20.5941| |Row 250|  6 |6 |6 |7 |6 |6 |7 |6 |7 |6 |
2019-04-04 16:09:20.5941| |Row 260|  6 |8 |6 |6 |6 |7 |6 |6 |6 |6 |
2019-04-04 16:09:20.6091| |Row 270|  6 |8 |6 |7 |6 |6 |6 |6 |7 |6 |
2019-04-04 16:09:20.6091| |Row 280|  7 |6 |6 |6 |5 |8 |16 |7 |6 |7 |
2019-04-04 16:09:20.6091| |Row 290|  9 |9 |13 |8 |8 |8 |6 |10 |8 |7 |
2019-04-04 16:09:20.6091| |Row 300|  8 |7 |8 |13 |9 |8 |9 |10 |8 |11 |
2019-04-04 16:09:20.6091| |Row 310|  27 |7 |10 |8 |10 |7 |7 |7 |25 |24 |
2019-04-04 16:09:20.6091| |Row 320|  9 |8 |9 |8 |9 |6 |8 |7 |8 |6 |
2019-04-04 16:09:20.6091| |Row 330|  7 |6 |8 |6 |6 |7 |6 |6 |11 |7 |
2019-04-04 16:09:20.6091| |Row 340|  5 |6 |6 |5 |7 |5 |6 |11 |8 |6 |
2019-04-04 16:09:20.6091| |Row 350|  6 |7 |6 |6 |6 |6 |6 |6 |6 |6 |
2019-04-04 16:09:20.6091| |Row 360|  6 |6 |15 |22 |6 |7 |7 |7 |19 |7 |
2019-04-04 16:09:20.6091| |Row 370|  8 |7 |23 |9 |9 |16 |25 |38 |11 |7 |
2019-04-04 16:09:20.6091| |Row 380|  7 |10 |14 |30 |8 |9 |20 |8 |17 |24 |
2019-04-04 16:09:20.6091| |Row 390|  19 |14 |43 |49 |24 |16 |24 |8 |9 |14 |
2019-04-04 16:09:20.6091| |Row 400|  9 |11 |19 |12 |13 |17 |17 |10 |9 |8 |
2019-04-04 16:09:20.6091| |Row 410|  8 |6 |7 |6 |5 |10 |6 |6 |5 |5 |
2019-04-04 16:09:20.6251| |Row 420|  7 |5 |6 |7 |6 |6 |6 |7 |6 |6 |
2019-04-04 16:09:20.6251| |Row 430|  6 |6 |6 |6 |7 |6 |5 |7 |6 |6 |
2019-04-04 16:09:20.6251| |Row 440|  6 |7 |6 |6 |6 |6 |5 |5 |6 |6 |
2019-04-04 16:09:20.6251| |Row 450|  7 |6 |5 |6 |5 |5 |6 |5 |5 |6 |
2019-04-04 16:09:20.6251| |Row 460|  5 |5 |6 |5 |6 |5 |5 |6 |5 |5 |
2019-04-04 16:09:20.6251| |Row 470|  5 |5 |6 |6 |5 |5 |6 |5 |6 |5 |
2019-04-04 16:09:20.6251| |Row 480|  6 |6 |5 |5 |6 |5 |5 |5 |5 |5 |
2019-04-04 16:09:20.6251| |Row 490|  6 |5 |6 |6 |5 |5 |6 |6 |5 |12 |
2019-04-04 16:09:20.6251| |Row 500|  6 |5 |6 |6 |6 |5 |5 |5 |6 |5 |
2019-04-04 16:09:20.6251| |Row 510|  6 |6 |5 |5 |6 |5 |5 |5 |5 |6 |
2019-04-04 16:09:20.6251| |Row 520|  5 |5 |6 |5 |5 |5 |5 |5 |6 |5 |
2019-04-04 16:09:20.6251| |Row 530|  5 |5 |5 |5 |7 |5 |5 |6 |5 |6 |
2019-04-04 16:09:20.6251| |Row 540|  5 |5 |6 |5 |7 |5 |6 |6 |5 |6 |
2019-04-04 16:09:20.6251| |Row 550|  6 |5 |5 |5 |5 |5 |6 |5 |6 |5 |
2019-04-04 16:09:20.6401| |Row 560|  5 |6 |5 |5 |5 |5 |5 |5 |5 |5 |
2019-04-04 16:09:20.6401| |Row 570|  6 |5 |6 |6 |5 |6 |5 |5 |6 |5 |
2019-04-04 16:09:20.6401| |Row 580|  5 |5 |5 |5 |5 |5 |5 |6 |5 |5 |
2019-04-04 16:09:20.6401| |Row 590|  6 |5 |5 |6 |5 |6 |5 |5 |6 |5 |
2019-04-04 16:09:20.6401| |Row 600|  5 |6 |5 |5 |5 |5 |6 |6 |5 |6 |
2019-04-04 16:09:20.6401| |Row 610|  5 |5 |6 |6 |6 |6 |6 |6 |6 |5 |
2019-04-04 16:09:20.6401| |Row 620|  6 |6 |6 |6 |6 |5 |7 |5 |11 |6 |
2019-04-04 16:09:20.6401| |Row 630|  6 |6 |5 |6 |5 |6 |6 |5 |5 |7 |
2019-04-04 16:09:20.6401| |Row 640|  5 |8 |5 |8 |5 |5 |6 |6 |5 |6 |
2019-04-04 16:09:20.6401| |Row 650|  6 |6 |5 |6 |6 |6 |5 |6 |6 |5 |
2019-04-04 16:09:20.6401| |Row 660|  5 |5 |5 |6 |5 |6 |6 |6 |6 |6 |
2019-04-04 16:09:20.6401| |Row 670|  6 |5 |5 |6 |6 |6 |5 |6 |5 |6 |
2019-04-04 16:09:20.6401| |Row 680|  5 |5 |5 |5 |6 |6 |6 |6 |5 |5 |
2019-04-04 16:09:20.6401| |Row 690|  6 |5 |6 |5 |6 |5 |7 |6 |6 |5 |
2019-04-04 16:09:20.6561| |Row 700|  5 |6 |5 |5 |6 |5 |5 |6 |5 |7 |
2019-04-04 16:09:20.6561| |Row 710|  5 |5 |14 |7 |6 |5 |7 |6 |5 |5 |
2019-04-04 16:09:20.6561| |Row 720|  5 |6 |5 |6 |6 |5 |6 |5 |5 |5 |
2019-04-04 16:09:20.6561| |Row 730|  6 |6 |5 |5 |7 |5 |6 |5 |6 |5 |
2019-04-04 16:09:20.6561| |Row 740|  5 |6 |5 |5 |5 |5 |6 |6 |6 |7 |
2019-04-04 16:09:20.6561| |Row 750|  6 |6 |6 |6 |6 |6 |6 |6 |6 |6 |
2019-04-04 16:09:20.6561| |Row 760|  6 |5 |6 |6 |5 |6 |5 |6 |5 |5 |
2019-04-04 16:09:20.6561| |Row 770|  6 |5 |5 |5 |5 |5 |5 |5 |5 |6 |
2019-04-04 16:09:20.6561| |Row 780|  5 |5 |6 |5 |5 |6 |5 |6 |5 |5 |
2019-04-04 16:09:20.6561| |Row 790|  5 |5 |5 |6 |5 |6 |6 |6 |6 |6 |
2019-04-04 16:09:20.6561| |Row 800|  5 |6 |7 |6 |5 |6 |6 |6 |6 |6 |
2019-04-04 16:09:20.6561| |Row 810|  6 |6 |6 |6 |6 |6 |6 |5 |5 |5 |
2019-04-04 16:09:20.6561| |Row 820|  5 |5 |5 |5 |7 |6 |5 |5 |5 |8 |
2019-04-04 16:09:20.6561| |Row 830|  5 |6 |6 |6 |5 |5 |6 |5 |6 |5 |
2019-04-04 16:09:20.6561| |Row 840|  5 |9 |5 |6 |5 |5 |6 |5 |5 |5 |
2019-04-04 16:09:20.6731| |Row 850|  5 |5 |6 |5 |5 |6 |5 |5 |5 |5 |
2019-04-04 16:09:20.6731| |Row 860|  5 |6 |5 |5 |6 |5 |5 |5 |5 |6 |
2019-04-04 16:09:20.6731| |Row 870|  5 |5 |6 |5 |5 |6 |6 |5 |6 |5 |
2019-04-04 16:09:20.6731| |Row 880|  5 |5 |6 |6 |5 |5 |6 |5 |6 |6 |
2019-04-04 16:09:20.6731| |Row 890|  6 |6 |5 |5 |6 |6 |5 |6 |5 |5 |
2019-04-04 16:09:20.6731| |Row 900|  5 |5 |5 |6 |5 |6 |5 |5 |6 |6 |
2019-04-04 16:09:20.6731| |Row 910|  5 |7 |6 |5 |6 |6 |7 |6 |7 |5 |
2019-04-04 16:09:20.6731| |Row 920|  6 |6 |5 |6 |9 |12 |6 |6 |6 |6 |
2019-04-04 16:09:20.6731| |Row 930|  6 |6 |6 |6 |6 |5 |7 |6 |6 |6 |
2019-04-04 16:09:20.6731| |Row 940|  5 |6 |6 |6 |6 |5 |6 |5 |6 |6 |
2019-04-04 16:09:20.6731| |Row 950|  6 |5 |6 |6 |6 |6 |5 |6 |5 |5 |
2019-04-04 16:09:20.6731| |Row 960|  6 |5 |6 |6 |5 |8 |5 |5 |5 |5 |
2019-04-04 16:09:20.6731| |Row 970|  5 |6 |5 |5 |5 |5 |5 |7 |6 |6 |
2019-04-04 16:09:20.6871| |Row 980|  7 |7 |6 |6 |7 |6 |6 |6 |7 |6 |
2019-04-04 16:09:20.6871| |Row 990|  6 |6 |5 |6 |7 |6 |8 |6 |7 |6 |
2019-04-04 16:09:20.6871| |-----------------------------------
2019-04-04 16:09:30.3821| |----------AllTime is In Millisecodns-------------------------
2019-04-04 16:09:30.3821| |LocatorTypeUsed id   Value buttonID
2019-04-04 16:09:30.3821| |Samples 1000 Avergere 6,56  Min 5  Max 32
2019-04-04 16:09:30.3821| |-----------------------------------
2019-04-04 16:09:30.3821| |Row 0|  32 |14 |7 |8 |13 |11 |10 |9 |10 |7 |
2019-04-04 16:09:30.3821| |Row 10|  8 |7 |10 |6 |8 |7 |8 |7 |8 |6 |
2019-04-04 16:09:30.3821| |Row 20|  7 |7 |9 |7 |8 |6 |8 |7 |8 |7 |
2019-04-04 16:09:30.3901| |Row 30|  7 |7 |7 |8 |7 |7 |8 |8 |7 |8 |
2019-04-04 16:09:30.3901| |Row 40|  7 |7 |6 |6 |7 |6 |6 |6 |6 |7 |
2019-04-04 16:09:30.3901| |Row 50|  6 |6 |6 |6 |6 |6 |7 |6 |6 |6 |
2019-04-04 16:09:30.3901| |Row 60|  6 |7 |6 |6 |6 |6 |7 |7 |6 |7 |
2019-04-04 16:09:30.3901| |Row 70|  5 |6 |5 |6 |6 |6 |6 |6 |6 |6 |
2019-04-04 16:09:30.3901| |Row 80|  6 |6 |8 |10 |9 |9 |8 |13 |10 |16 |
2019-04-04 16:09:30.3901| |Row 90|  13 |7 |8 |7 |9 |7 |9 |10 |11 |9 |
2019-04-04 16:09:30.3901| |Row 100|  7 |9 |8 |8 |7 |10 |7 |7 |7 |7 |
2019-04-04 16:09:30.3901| |Row 110|  7 |6 |9 |8 |7 |11 |11 |17 |10 |12 |
2019-04-04 16:09:30.3901| |Row 120|  9 |21 |14 |10 |10 |12 |9 |9 |8 |10 |
2019-04-04 16:09:30.3901| |Row 130|  8 |9 |7 |8 |7 |8 |7 |7 |6 |7 |
2019-04-04 16:09:30.3901| |Row 140|  7 |8 |7 |7 |7 |7 |7 |7 |7 |7 |
2019-04-04 16:09:30.3901| |Row 150|  7 |8 |7 |9 |6 |8 |9 |18 |11 |8 |
2019-04-04 16:09:30.3901| |Row 160|  15 |8 |8 |7 |7 |6 |6 |7 |7 |9 |
2019-04-04 16:09:30.3901| |Row 170|  6 |7 |7 |8 |6 |9 |7 |7 |10 |14 |
2019-04-04 16:09:30.4071| |Row 180|  8 |6 |10 |7 |9 |6 |6 |8 |13 |6 |
2019-04-04 16:09:30.4071| |Row 190|  7 |6 |6 |7 |6 |7 |8 |8 |6 |6 |
2019-04-04 16:09:30.4071| |Row 200|  8 |6 |6 |6 |6 |7 |6 |6 |6 |7 |
2019-04-04 16:09:30.4071| |Row 210|  6 |6 |6 |6 |7 |7 |6 |7 |6 |9 |
2019-04-04 16:09:30.4071| |Row 220|  6 |7 |7 |8 |7 |7 |7 |7 |8 |7 |
2019-04-04 16:09:30.4071| |Row 230|  7 |6 |6 |6 |6 |7 |6 |7 |7 |10 |
2019-04-04 16:09:30.4071| |Row 240|  6 |8 |6 |8 |7 |8 |7 |6 |6 |6 |
2019-04-04 16:09:30.4071| |Row 250|  7 |12 |16 |7 |6 |6 |6 |7 |6 |7 |
2019-04-04 16:09:30.4071| |Row 260|  7 |6 |7 |7 |7 |7 |6 |6 |6 |7 |
2019-04-04 16:09:30.4071| |Row 270|  6 |9 |7 |8 |6 |6 |8 |6 |6 |6 |
2019-04-04 16:09:30.4071| |Row 280|  7 |6 |6 |7 |6 |7 |6 |6 |7 |6 |
2019-04-04 16:09:30.4071| |Row 290|  8 |6 |7 |6 |6 |7 |6 |7 |6 |7 |
2019-04-04 16:09:30.4221| |Row 300|  6 |6 |6 |5 |6 |6 |6 |6 |6 |7 |
2019-04-04 16:09:30.4221| |Row 310|  6 |7 |6 |6 |7 |6 |6 |6 |6 |8 |
2019-04-04 16:09:30.4221| |Row 320|  6 |6 |7 |7 |9 |8 |7 |6 |7 |7 |
2019-04-04 16:09:30.4221| |Row 330|  7 |6 |6 |7 |6 |7 |6 |7 |6 |6 |
2019-04-04 16:09:30.4221| |Row 340|  7 |6 |7 |6 |6 |6 |6 |7 |6 |5 |
2019-04-04 16:09:30.4221| |Row 350|  6 |6 |6 |6 |6 |6 |5 |6 |6 |5 |
2019-04-04 16:09:30.4221| |Row 360|  5 |7 |5 |6 |5 |6 |9 |6 |7 |7 |
2019-04-04 16:09:30.4221| |Row 370|  7 |6 |6 |7 |7 |7 |6 |6 |6 |8 |
2019-04-04 16:09:30.4221| |Row 380|  7 |6 |7 |6 |6 |6 |8 |7 |6 |6 |
2019-04-04 16:09:30.4221| |Row 390|  6 |5 |6 |6 |6 |6 |5 |5 |7 |6 |
2019-04-04 16:09:30.4221| |Row 400|  6 |6 |5 |7 |5 |6 |6 |6 |7 |6 |
2019-04-04 16:09:30.4371| |Row 410|  6 |6 |6 |6 |6 |6 |5 |6 |7 |6 |
2019-04-04 16:09:30.4371| |Row 420|  5 |6 |6 |6 |6 |6 |6 |6 |6 |5 |
2019-04-04 16:09:30.4371| |Row 430|  5 |5 |6 |6 |6 |6 |5 |6 |6 |5 |
2019-04-04 16:09:30.4371| |Row 440|  6 |6 |6 |6 |11 |6 |6 |6 |5 |5 |
2019-04-04 16:09:30.4371| |Row 450|  6 |6 |7 |6 |5 |6 |5 |6 |6 |9 |
2019-04-04 16:09:30.4371| |Row 460|  7 |8 |7 |6 |7 |6 |6 |6 |6 |6 |
2019-04-04 16:09:30.4371| |Row 470|  6 |6 |6 |6 |5 |6 |5 |5 |6 |5 |
2019-04-04 16:09:30.4371| |Row 480|  6 |5 |5 |6 |5 |5 |6 |6 |6 |7 |
2019-04-04 16:09:30.4371| |Row 490|  6 |6 |5 |5 |6 |5 |6 |6 |6 |5 |
2019-04-04 16:09:30.4371| |Row 500|  6 |5 |6 |6 |5 |6 |5 |6 |6 |5 |
2019-04-04 16:09:30.4371| |Row 510|  5 |6 |6 |5 |6 |5 |6 |5 |5 |6 |
2019-04-04 16:09:30.4371| |Row 520|  5 |9 |7 |5 |5 |6 |5 |6 |6 |6 |
2019-04-04 16:09:30.4531| |Row 530|  5 |5 |6 |6 |6 |5 |5 |7 |5 |6 |
2019-04-04 16:09:30.4531| |Row 540|  7 |7 |6 |6 |8 |6 |6 |6 |6 |5 |
2019-04-04 16:09:30.4531| |Row 550|  7 |6 |6 |6 |8 |6 |6 |6 |6 |6 |
2019-04-04 16:09:30.4531| |Row 560|  6 |5 |6 |6 |6 |7 |5 |6 |6 |6 |
2019-04-04 16:09:30.4531| |Row 570|  7 |6 |7 |6 |6 |6 |5 |5 |6 |5 |
2019-04-04 16:09:30.4531| |Row 580|  6 |6 |6 |6 |6 |5 |6 |6 |6 |6 |
2019-04-04 16:09:30.4531| |Row 590|  5 |6 |6 |5 |5 |6 |6 |6 |5 |6 |
2019-04-04 16:09:30.4531| |Row 600|  6 |5 |6 |6 |5 |6 |5 |6 |7 |6 |
2019-04-04 16:09:30.4531| |Row 610|  6 |6 |5 |11 |12 |8 |7 |8 |6 |8 |
2019-04-04 16:09:30.4531| |Row 620|  6 |5 |8 |7 |6 |6 |6 |6 |8 |6 |
2019-04-04 16:09:30.4531| |Row 630|  9 |7 |8 |7 |8 |7 |7 |7 |8 |10 |
2019-04-04 16:09:30.4531| |Row 640|  9 |5 |7 |6 |6 |7 |6 |10 |7 |11 |
2019-04-04 16:09:30.4531| |Row 650|  7 |7 |6 |6 |5 |6 |6 |7 |7 |6 |
2019-04-04 16:09:30.4531| |Row 660|  7 |7 |6 |9 |6 |7 |7 |7 |6 |7 |
2019-04-04 16:09:30.4691| |Row 670|  7 |7 |7 |8 |9 |9 |6 |6 |7 |6 |
2019-04-04 16:09:30.4691| |Row 680|  7 |6 |13 |7 |7 |10 |7 |5 |7 |7 |
2019-04-04 16:09:30.4691| |Row 690|  6 |7 |7 |7 |6 |6 |6 |6 |6 |5 |
2019-04-04 16:09:30.4691| |Row 700|  6 |6 |6 |7 |6 |5 |6 |5 |6 |6 |
2019-04-04 16:09:30.4691| |Row 710|  6 |7 |6 |6 |6 |6 |7 |6 |7 |5 |
2019-04-04 16:09:30.4691| |Row 720|  5 |6 |6 |6 |5 |6 |7 |11 |6 |6 |
2019-04-04 16:09:30.4691| |Row 730|  6 |6 |5 |6 |6 |9 |8 |7 |6 |5 |
2019-04-04 16:09:30.4691| |Row 740|  5 |5 |6 |6 |5 |7 |6 |5 |6 |5 |
2019-04-04 16:09:30.4691| |Row 750|  5 |6 |5 |6 |6 |5 |7 |6 |6 |6 |
2019-04-04 16:09:30.4691| |Row 760|  7 |7 |5 |7 |5 |6 |6 |6 |6 |5 |
2019-04-04 16:09:30.4691| |Row 770|  6 |7 |6 |5 |6 |5 |5 |6 |6 |8 |
2019-04-04 16:09:30.4851| |Row 780|  6 |7 |5 |5 |6 |5 |5 |6 |6 |7 |
2019-04-04 16:09:30.4851| |Row 790|  6 |5 |6 |5 |6 |6 |5 |7 |6 |6 |
2019-04-04 16:09:30.4851| |Row 800|  7 |5 |6 |6 |6 |6 |6 |6 |6 |6 |
2019-04-04 16:09:30.4851| |Row 810|  6 |6 |6 |6 |6 |6 |6 |5 |6 |5 |
2019-04-04 16:09:30.4851| |Row 820|  8 |6 |5 |6 |5 |5 |6 |7 |5 |7 |
2019-04-04 16:09:30.4851| |Row 830|  6 |6 |5 |6 |6 |6 |5 |6 |6 |6 |
2019-04-04 16:09:30.4851| |Row 840|  6 |5 |10 |6 |6 |6 |6 |6 |5 |6 |
2019-04-04 16:09:30.4851| |Row 850|  5 |5 |6 |6 |6 |6 |6 |6 |6 |5 |
2019-04-04 16:09:30.4851| |Row 860|  6 |5 |6 |7 |6 |6 |6 |5 |6 |5 |
2019-04-04 16:09:30.4851| |Row 870|  5 |5 |5 |5 |6 |5 |6 |5 |6 |6 |
2019-04-04 16:09:30.4851| |Row 880|  5 |6 |6 |6 |5 |6 |6 |5 |5 |6 |
2019-04-04 16:09:30.4851| |Row 890|  6 |6 |6 |7 |5 |6 |5 |6 |6 |6 |
2019-04-04 16:09:30.5021| |Row 900|  6 |6 |5 |6 |6 |5 |6 |5 |6 |6 |
2019-04-04 16:09:30.5021| |Row 910|  6 |6 |5 |5 |6 |6 |6 |5 |6 |6 |
2019-04-04 16:09:30.5021| |Row 920|  5 |5 |6 |8 |5 |6 |5 |6 |6 |5 |
2019-04-04 16:09:30.5021| |Row 930|  6 |6 |6 |6 |6 |6 |6 |6 |6 |5 |
2019-04-04 16:09:30.5021| |Row 940|  8 |6 |5 |6 |5 |5 |6 |5 |5 |6 |
2019-04-04 16:09:30.5021| |Row 950|  5 |6 |6 |6 |6 |5 |5 |6 |5 |5 |
2019-04-04 16:09:30.5021| |Row 960|  6 |6 |6 |5 |5 |6 |6 |5 |6 |6 |
2019-04-04 16:09:30.5021| |Row 970|  5 |6 |5 |6 |5 |5 |7 |6 |5 |6 |
2019-04-04 16:09:30.5021| |Row 980|  6 |7 |6 |9 |11 |9 |6 |6 |6 |6 |
2019-04-04 16:09:30.5021| |Row 990|  6 |6 |7 |6 |6 |7 |7 |6 |6 |6 |
2019-04-04 16:09:30.5151| |-----------------------------------
2019-04-04 16:09:39.9771| |----------AllTime is In Millisecodns-------------------------
2019-04-04 16:09:39.9771| |LocatorTypeUsed Xpath   Value //*[@id="buttonID"]
2019-04-04 16:09:39.9771| |Samples 1000 Avergere 6,234  Min 5  Max 26
2019-04-04 16:09:39.9771| |-----------------------------------
2019-04-04 16:09:39.9771| |Row 0|  21 |11 |17 |11 |8 |9 |8 |10 |13 |7 |
2019-04-04 16:09:39.9771| |Row 10|  8 |7 |6 |7 |6 |8 |9 |6 |7 |8 |
2019-04-04 16:09:39.9861| |Row 20|  7 |7 |7 |6 |7 |6 |6 |6 |6 |6 |
2019-04-04 16:09:39.9861| |Row 30|  6 |6 |6 |6 |6 |7 |8 |6 |7 |6 |
2019-04-04 16:09:39.9861| |Row 40|  10 |6 |7 |9 |9 |7 |8 |7 |7 |7 |
2019-04-04 16:09:39.9861| |Row 50|  6 |7 |6 |6 |11 |6 |7 |6 |8 |6 |
2019-04-04 16:09:39.9861| |Row 60|  7 |7 |8 |6 |6 |7 |6 |8 |6 |6 |
2019-04-04 16:09:39.9861| |Row 70|  6 |6 |7 |6 |6 |6 |6 |6 |6 |6 |
2019-04-04 16:09:39.9861| |Row 80|  7 |7 |6 |6 |6 |6 |7 |6 |6 |6 |
2019-04-04 16:09:39.9861| |Row 90|  7 |6 |6 |6 |8 |6 |6 |7 |6 |6 |
2019-04-04 16:09:39.9861| |Row 100|  7 |6 |6 |6 |7 |6 |7 |7 |8 |6 |
2019-04-04 16:09:39.9861| |Row 110|  6 |6 |6 |6 |7 |7 |6 |6 |7 |6 |
2019-04-04 16:09:39.9861| |Row 120|  5 |6 |6 |7 |6 |8 |7 |6 |6 |6 |
2019-04-04 16:09:39.9861| |Row 130|  6 |7 |6 |6 |6 |6 |7 |6 |6 |6 |
2019-04-04 16:09:40.0001| |Row 140|  5 |6 |6 |6 |6 |5 |6 |6 |6 |7 |
2019-04-04 16:09:40.0001| |Row 150|  6 |6 |5 |6 |6 |6 |6 |6 |6 |6 |
2019-04-04 16:09:40.0001| |Row 160|  6 |6 |12 |7 |7 |6 |6 |7 |7 |6 |
2019-04-04 16:09:40.0001| |Row 170|  7 |15 |7 |6 |7 |6 |6 |6 |6 |6 |
2019-04-04 16:09:40.0001| |Row 180|  6 |6 |6 |7 |6 |6 |6 |8 |6 |6 |
2019-04-04 16:09:40.0001| |Row 190|  8 |7 |6 |6 |6 |6 |6 |6 |6 |6 |
2019-04-04 16:09:40.0001| |Row 200|  6 |6 |6 |6 |6 |6 |6 |6 |5 |6 |
2019-04-04 16:09:40.0001| |Row 210|  6 |7 |6 |6 |6 |6 |6 |6 |6 |7 |
2019-04-04 16:09:40.0001| |Row 220|  6 |6 |6 |6 |6 |6 |7 |6 |7 |6 |
2019-04-04 16:09:40.0001| |Row 230|  6 |6 |9 |8 |7 |7 |9 |7 |7 |7 |
2019-04-04 16:09:40.0001| |Row 240|  7 |9 |8 |7 |9 |8 |9 |9 |9 |8 |
2019-04-04 16:09:40.0001| |Row 250|  8 |12 |8 |7 |14 |8 |12 |20 |7 |8 |
2019-04-04 16:09:40.0001| |Row 260|  9 |7 |7 |6 |8 |7 |7 |6 |10 |7 |
2019-04-04 16:09:40.0001| |Row 270|  6 |6 |9 |9 |6 |6 |7 |7 |6 |6 |
2019-04-04 16:09:40.0001| |Row 280|  6 |6 |6 |6 |7 |6 |8 |7 |6 |6 |
2019-04-04 16:09:40.0161| |Row 290|  6 |6 |7 |6 |6 |6 |5 |6 |6 |6 |
2019-04-04 16:09:40.0161| |Row 300|  6 |7 |6 |6 |6 |6 |6 |6 |6 |7 |
2019-04-04 16:09:40.0161| |Row 310|  6 |6 |8 |6 |7 |6 |6 |7 |6 |7 |
2019-04-04 16:09:40.0161| |Row 320|  6 |6 |6 |6 |9 |9 |7 |6 |8 |6 |
2019-04-04 16:09:40.0161| |Row 330|  7 |6 |6 |8 |7 |7 |6 |7 |6 |6 |
2019-04-04 16:09:40.0161| |Row 340|  6 |6 |6 |6 |6 |7 |6 |7 |7 |8 |
2019-04-04 16:09:40.0161| |Row 350|  6 |13 |8 |7 |6 |7 |6 |6 |6 |10 |
2019-04-04 16:09:40.0161| |Row 360|  6 |7 |7 |7 |7 |11 |6 |6 |6 |6 |
2019-04-04 16:09:40.0161| |Row 370|  7 |7 |7 |7 |6 |11 |6 |8 |6 |8 |
2019-04-04 16:09:40.0161| |Row 380|  6 |7 |6 |8 |6 |8 |8 |7 |7 |7 |
2019-04-04 16:09:40.0161| |Row 390|  9 |8 |9 |11 |12 |9 |16 |7 |7 |6 |
2019-04-04 16:09:40.0161| |Row 400|  7 |7 |6 |5 |6 |5 |6 |5 |5 |6 |
2019-04-04 16:09:40.0161| |Row 410|  5 |6 |6 |5 |6 |5 |5 |6 |5 |5 |
2019-04-04 16:09:40.0161| |Row 420|  6 |5 |5 |6 |5 |5 |6 |5 |5 |6 |
2019-04-04 16:09:40.0161| |Row 430|  5 |6 |6 |6 |6 |5 |5 |6 |6 |6 |
2019-04-04 16:09:40.0311| |Row 440|  6 |6 |6 |6 |6 |6 |6 |7 |7 |7 |
2019-04-04 16:09:40.0311| |Row 450|  7 |6 |7 |5 |6 |7 |6 |6 |6 |7 |
2019-04-04 16:09:40.0311| |Row 460|  6 |6 |6 |6 |7 |6 |6 |6 |6 |6 |
2019-04-04 16:09:40.0311| |Row 470|  5 |5 |6 |5 |5 |7 |5 |6 |6 |5 |
2019-04-04 16:09:40.0311| |Row 480|  5 |6 |6 |6 |6 |7 |6 |5 |5 |5 |
2019-04-04 16:09:40.0311| |Row 490|  6 |6 |5 |9 |6 |6 |5 |6 |7 |5 |
2019-04-04 16:09:40.0311| |Row 500|  6 |7 |5 |6 |7 |6 |6 |6 |6 |6 |
2019-04-04 16:09:40.0311| |Row 510|  5 |6 |6 |5 |5 |6 |5 |6 |6 |5 |
2019-04-04 16:09:40.0311| |Row 520|  6 |5 |5 |14 |6 |6 |8 |6 |5 |6 |
2019-04-04 16:09:40.0311| |Row 530|  5 |5 |7 |6 |6 |5 |5 |6 |5 |5 |
2019-04-04 16:09:40.0311| |Row 540|  6 |6 |6 |5 |6 |6 |6 |5 |6 |6 |
2019-04-04 16:09:40.0311| |Row 550|  6 |5 |6 |6 |6 |6 |7 |5 |6 |6 |
2019-04-04 16:09:40.0311| |Row 560|  5 |6 |6 |6 |6 |5 |6 |6 |6 |7 |
2019-04-04 16:09:40.0311| |Row 570|  7 |12 |10 |7 |6 |7 |6 |7 |7 |7 |
2019-04-04 16:09:40.0311| |Row 580|  6 |6 |6 |6 |7 |7 |6 |6 |13 |6 |
2019-04-04 16:09:40.0471| |Row 590|  5 |6 |5 |5 |5 |5 |8 |5 |5 |6 |
2019-04-04 16:09:40.0471| |Row 600|  5 |5 |6 |5 |6 |5 |5 |5 |5 |5 |
2019-04-04 16:09:40.0471| |Row 610|  6 |5 |5 |6 |5 |5 |6 |5 |6 |6 |
2019-04-04 16:09:40.0471| |Row 620|  6 |6 |6 |6 |5 |5 |5 |6 |5 |6 |
2019-04-04 16:09:40.0471| |Row 630|  6 |5 |5 |5 |6 |6 |5 |5 |6 |5 |
2019-04-04 16:09:40.0471| |Row 640|  6 |5 |5 |6 |5 |6 |6 |6 |6 |6 |
2019-04-04 16:09:40.0471| |Row 650|  5 |6 |6 |5 |6 |5 |5 |7 |6 |6 |
2019-04-04 16:09:40.0471| |Row 660|  5 |6 |6 |6 |5 |6 |5 |6 |5 |5 |
2019-04-04 16:09:40.0471| |Row 670|  6 |6 |7 |6 |5 |5 |6 |5 |5 |5 |
2019-04-04 16:09:40.0471| |Row 680|  5 |6 |5 |5 |6 |6 |9 |6 |7 |6 |
2019-04-04 16:09:40.0471| |Row 690|  6 |6 |6 |5 |8 |5 |6 |5 |5 |6 |
2019-04-04 16:09:40.0471| |Row 700|  5 |6 |6 |5 |5 |6 |6 |5 |6 |5 |
2019-04-04 16:09:40.0471| |Row 710|  6 |6 |6 |6 |6 |6 |6 |8 |5 |5 |
2019-04-04 16:09:40.0471| |Row 720|  5 |6 |5 |5 |6 |6 |7 |5 |5 |5 |
2019-04-04 16:09:40.0621| |Row 730|  5 |5 |6 |6 |6 |6 |6 |7 |5 |6 |
2019-04-04 16:09:40.0621| |Row 740|  6 |6 |6 |5 |6 |6 |6 |6 |6 |6 |
2019-04-04 16:09:40.0621| |Row 750|  6 |6 |5 |6 |5 |5 |6 |5 |6 |5 |
2019-04-04 16:09:40.0621| |Row 760|  5 |6 |5 |5 |6 |5 |5 |6 |6 |5 |
2019-04-04 16:09:40.0621| |Row 770|  6 |5 |6 |6 |5 |6 |6 |6 |6 |5 |
2019-04-04 16:09:40.0621| |Row 780|  5 |6 |6 |5 |5 |5 |6 |6 |5 |6 |
2019-04-04 16:09:40.0621| |Row 790|  5 |5 |9 |5 |7 |5 |5 |7 |6 |6 |
2019-04-04 16:09:40.0621| |Row 800|  5 |5 |6 |6 |5 |6 |5 |6 |5 |5 |
2019-04-04 16:09:40.0621| |Row 810|  6 |5 |6 |5 |5 |5 |6 |5 |6 |6 |
2019-04-04 16:09:40.0621| |Row 820|  5 |6 |5 |5 |6 |5 |5 |5 |5 |5 |
2019-04-04 16:09:40.0621| |Row 830|  6 |5 |5 |6 |6 |5 |6 |5 |5 |6 |
2019-04-04 16:09:40.0621| |Row 840|  5 |6 |6 |5 |6 |7 |9 |5 |5 |6 |
2019-04-04 16:09:40.0621| |Row 850|  5 |5 |6 |5 |5 |5 |5 |6 |5 |5 |
2019-04-04 16:09:40.0621| |Row 860|  6 |5 |6 |5 |5 |5 |5 |5 |5 |6 |
2019-04-04 16:09:40.0621| |Row 870|  5 |5 |5 |6 |5 |5 |5 |6 |5 |5 |
2019-04-04 16:09:40.0781| |Row 880|  6 |5 |5 |5 |6 |6 |8 |5 |7 |6 |
2019-04-04 16:09:40.0781| |Row 890|  5 |5 |5 |6 |6 |5 |6 |5 |5 |6 |
2019-04-04 16:09:40.0781| |Row 900|  5 |5 |5 |6 |6 |6 |5 |5 |5 |5 |
2019-04-04 16:09:40.0781| |Row 910|  5 |5 |6 |5 |5 |5 |6 |5 |5 |6 |
2019-04-04 16:09:40.0781| |Row 920|  6 |6 |6 |6 |7 |6 |8 |7 |6 |7 |
2019-04-04 16:09:40.0781| |Row 930|  7 |7 |6 |7 |6 |6 |6 |6 |7 |6 |
2019-04-04 16:09:40.0781| |Row 940|  6 |7 |5 |6 |6 |6 |6 |5 |6 |5 |
2019-04-04 16:09:40.0781| |Row 950|  5 |5 |5 |5 |5 |6 |5 |6 |6 |5 |
2019-04-04 16:09:40.0781| |Row 960|  5 |5 |5 |6 |6 |5 |6 |5 |5 |6 |
2019-04-04 16:09:40.0781| |Row 970|  5 |6 |6 |6 |5 |6 |5 |6 |5 |5 |
2019-04-04 16:09:40.0781| |Row 980|  6 |5 |6 |6 |6 |6 |8 |6 |5 |5 |
2019-04-04 16:09:40.0781| |Row 990|  6 |5 |5 |6 |5 |5 |5 |26 |7 |5 |
2019-04-04 16:09:40.0781| |-----------------------------------
